%time,field.linear.x,field.linear.y,field.linear.z,field.angular.x,field.angular.y,field.angular.z
1485999140174512157,-0.0,0.0,0.0,0.0,0.0,-0.0
1485999147702274289,1.13406777382,0.0,0.0,0.0,0.0,-0.0
1485999147705043508,1.21658980846,0.0,0.0,0.0,0.0,-0.0
1485999147721735800,1.23715937138,0.0,0.0,0.0,0.0,-0.0
1485999147821564342,1.27842032909,0.0,0.0,0.0,0.0,-0.0
1485999147829614550,1.29905092716,0.0,0.0,0.0,0.0,-0.0
1485999147833507727,1.38151192665,0.0,0.0,0.0,0.0,-0.0
1485999147837556529,1.40214240551,0.0,0.0,0.0,0.0,-0.0
1485999147841476112,1.46397292614,0.0,0.0,0.0,0.0,-0.0
1485999147845587675,1.56706440449,0.0,0.0,0.0,0.0,-0.0
1485999147848791581,1.71141695976,0.0,0.0,0.0,0.0,-0.0
1485999147853662519,1.81450855732,0.0,0.0,0.0,0.0,-0.0
1485999147857819706,1.89696955681,0.0,0.0,0.0,0.0,-0.0
1485999147861626529,2.0,0.0,0.0,0.0,0.0,-0.0
1485999147869882779,2.0,0.0,0.0,0.0,0.0,-0.0
1485999147873776946,2.0,0.0,0.0,0.0,0.0,-0.0
1485999147877872102,2.0,0.0,0.0,0.0,0.0,-0.0
1485999147930780435,2.0,0.0,0.0,0.0,0.0,-0.0
1485999147942108821,2.0,0.0,0.0,0.0,0.0,-0.0
1485999147950116581,2.0,0.0,0.0,0.0,0.0,-0.0
1485999147961950071,1.97949159145,0.0,0.0,0.0,0.0,-0.0
1485999147966022154,1.93823051453,0.0,0.0,0.0,0.0,-0.0
1485999147970025748,1.8763999939,0.0,0.0,0.0,0.0,-0.0
1485999147974091477,1.83513903618,0.0,0.0,0.0,0.0,-0.0
1485999147977938196,1.81450855732,0.0,0.0,0.0,0.0,-0.0
1485999147982320748,1.77330851555,0.0,0.0,0.0,0.0,-0.0
1485999147986078300,1.73204743862,0.0,0.0,0.0,0.0,-0.0
1485999147989787623,1.71141695976,0.0,0.0,0.0,0.0,-0.0
1485999147993659185,1.62895596027,0.0,0.0,0.0,0.0,-0.0
1485999147997902414,1.56706440449,0.0,0.0,0.0,0.0,-0.0
1485999148002043560,1.50523388386,0.0,0.0,0.0,0.0,-0.0
1485999148006165331,1.44340348244,0.0,0.0,0.0,0.0,-0.0
1485999148009861164,1.40214240551,0.0,0.0,0.0,0.0,-0.0
1485999148013709498,1.38151192665,0.0,0.0,0.0,0.0,-0.0
1485999148017785331,1.29905092716,0.0,0.0,0.0,0.0,-0.0
1485999148022010956,1.27842032909,0.0,0.0,0.0,0.0,-0.0
1485999148026892727,1.21658980846,0.0,0.0,0.0,0.0,-0.0
1485999148029799602,1.17532885075,0.0,0.0,0.0,0.0,-0.0
1485999148037554133,1.13406777382,0.0,0.0,0.0,0.0,-0.0
1485999148041522519,1.07223725319,0.0,0.0,0.0,0.0,-0.0
1485999148045654758,1.03097629547,0.0,0.0,0.0,0.0,-0.0
1485999148049485539,1.01034581661,0.0,0.0,0.0,0.0,-0.0
1485999148053726894,0.969145774841,0.0,0.0,0.0,0.0,-0.0
1485999148057916321,0.948515295982,0.0,0.0,0.0,0.0,-0.0
1485999148061501008,0.90725427866,0.0,0.0,0.0,0.0,-0.0
1485999148065546216,0.866054236889,0.0,0.0,0.0,0.0,-0.0
1485999148069412935,0.84542375803,0.0,0.0,0.0,0.0,-0.0
1485999148073961477,0.804162740707,0.0,0.0,0.0,0.0,-0.0
1485999148077523404,0.783532202244,0.0,0.0,0.0,0.0,-0.0
1485999148081474602,0.701071202755,0.0,0.0,0.0,0.0,-0.0
1485999148085767414,0.680440664291,0.0,0.0,0.0,0.0,-0.0
1485999148089456529,0.618610203266,0.0,0.0,0.0,0.0,-0.0
1485999148093508404,0.577349185944,0.0,0.0,0.0,0.0,-0.0
1485999148097637571,0.536149203777,0.0,0.0,0.0,0.0,-0.0
1485999148101435800,0.515518665314,0.0,0.0,0.0,0.0,-0.0
1485999148105553873,0.474257647991,0.0,0.0,0.0,0.0,-0.0
1485999148109475539,0.45362713933,0.0,0.0,0.0,0.0,-0.0
1485999148113426946,0.412427127361,0.0,0.0,0.0,0.0,-0.0
1485999148117456529,0.371166110039,0.0,0.0,0.0,0.0,-0.0
1485999148125905904,0.350535601377,0.0,0.0,0.0,0.0,-0.0
1485999148129837258,0.309335619211,0.0,0.0,0.0,0.0,-0.0
1485999148137782102,0.268074601889,0.0,0.0,0.0,0.0,-0.0
1485999148145733039,0.247444078326,0.0,0.0,0.0,0.0,-0.0
1485999148153879810,0.206244081259,0.0,0.0,0.0,0.0,-0.0
1485999148161775175,0.185613572598,0.0,0.0,0.0,0.0,-0.0
1485999148181957675,0.144352555275,0.0,0.0,0.0,0.0,-0.0
1485999148197814446,0.103152565658,0.0,0.0,0.0,0.0,-0.0
1485999148201733091,0.0825220495462,0.0,0.0,0.0,0.0,-0.0
1485999148206083456,0.0412610247731,0.0,0.0,0.0,0.0,-0.0
1485999148213550175,0.0206305123866,0.0,0.0,0.0,0.0,-0.0
1485999148221549289,-0.0,0.0,0.0,0.0,0.0,-0.0
1485999148321563143,0.0206305123866,0.0,0.0,0.0,0.0,-0.0
1485999148325778716,0.0412610247731,0.0,0.0,0.0,0.0,-0.0
1485999148333583768,0.0825220495462,0.0,0.0,0.0,0.0,-0.0
1485999148337539810,0.103152565658,0.0,0.0,0.0,0.0,-0.0
1485999148341507518,0.144352555275,0.0,0.0,0.0,0.0,-0.0
1485999148345645279,0.185613572598,0.0,0.0,0.0,0.0,-0.0
1485999148353596060,0.206244081259,0.0,0.0,0.0,0.0,-0.0
1485999148357577779,0.247444078326,0.0,0.0,0.0,0.0,-0.0
1485999148361791373,0.268074601889,0.0,0.0,0.0,0.0,-0.0
1485999148365655748,0.309335619211,0.0,0.0,0.0,0.0,-0.0
1485999148369532675,0.350535601377,0.0,0.0,0.0,0.0,-0.0
1485999148373816425,0.371166110039,0.0,0.0,0.0,0.0,-0.0
1485999148381574445,0.412427127361,0.0,0.0,0.0,0.0,-0.0
1485999148385534341,0.45362713933,0.0,0.0,0.0,0.0,-0.0
1485999148393533925,0.474257647991,0.0,0.0,0.0,0.0,-0.0
1485999148398084289,0.515518665314,0.0,0.0,0.0,0.0,-0.0
1485999148402323925,0.536149203777,0.0,0.0,0.0,0.0,-0.0
1485999148409930539,0.577349185944,0.0,0.0,0.0,0.0,-0.0
1485999148414081060,0.618610203266,0.0,0.0,0.0,0.0,-0.0
1485999148417551529,0.639240682125,0.0,0.0,0.0,0.0,-0.0
1485999148421445591,0.680440664291,0.0,0.0,0.0,0.0,-0.0
1485999148425506164,0.701071202755,0.0,0.0,0.0,0.0,-0.0
1485999148429683508,0.742332220078,0.0,0.0,0.0,0.0,-0.0
1485999148437526373,0.783532202244,0.0,0.0,0.0,0.0,-0.0
1485999148441443925,0.84542375803,0.0,0.0,0.0,0.0,-0.0
1485999148449703508,0.866054236889,0.0,0.0,0.0,0.0,-0.0
1485999148453449706,0.90725427866,0.0,0.0,0.0,0.0,-0.0
1485999148457445956,0.948515295982,0.0,0.0,0.0,0.0,-0.0
1485999148461519654,1.01034581661,0.0,0.0,0.0,0.0,-0.0
1485999148465680800,1.03097629547,0.0,0.0,0.0,0.0,-0.0
1485999148469477675,1.11343729496,0.0,0.0,0.0,0.0,-0.0
1485999148473428195,1.13406777382,0.0,0.0,0.0,0.0,-0.0
1485999148477567779,1.17532885075,0.0,0.0,0.0,0.0,-0.0
1485999148481492935,1.21658980846,0.0,0.0,0.0,0.0,-0.0
1485999148485547987,1.23715937138,0.0,0.0,0.0,0.0,-0.0
1485999148489738456,1.27842032909,0.0,0.0,0.0,0.0,-0.0
1485999148493504862,1.29905092716,0.0,0.0,0.0,0.0,-0.0
1485999148497530122,1.34025084972,0.0,0.0,0.0,0.0,-0.0
1485999148501834393,1.38151192665,0.0,0.0,0.0,0.0,-0.0
1485999148513754289,1.40214240551,0.0,0.0,0.0,0.0,-0.0
1485999148522061164,1.44340348244,0.0,0.0,0.0,0.0,-0.0
1485999148529719654,1.46397292614,0.0,0.0,0.0,0.0,-0.0
1485999148537895904,1.50523388386,0.0,0.0,0.0,0.0,-0.0
1485999148541559029,1.54649496078,0.0,0.0,0.0,0.0,-0.0
1485999148545565122,1.56706440449,0.0,0.0,0.0,0.0,-0.0
1485999148553516477,1.60832548141,0.0,0.0,0.0,0.0,-0.0
1485999148566718664,1.62895596027,0.0,0.0,0.0,0.0,-0.0
1485999148573805852,1.67015600204,0.0,0.0,0.0,0.0,-0.0
1485999148582054445,1.71141695976,0.0,0.0,0.0,0.0,-0.0
1485999148597721529,1.73204743862,0.0,0.0,0.0,0.0,-0.0
1485999148622302154,1.77330851555,0.0,0.0,0.0,0.0,-0.0
1485999148641785852,1.81450855732,0.0,0.0,0.0,0.0,-0.0
1485999148661554914,1.83513903618,0.0,0.0,0.0,0.0,-0.0
1485999148778237102,1.8763999939,0.0,0.0,0.0,0.0,-0.0
1485999148829535747,1.77330851555,0.0,0.0,0.0,0.0,-0.0
1485999148849675487,1.73204743862,0.0,0.0,0.0,0.0,-0.0
1485999148861699185,1.71141695976,0.0,0.0,0.0,0.0,-0.0
1485999148873518977,1.67015600204,0.0,0.0,0.0,0.0,-0.0
1485999148881557102,1.62895596027,0.0,0.0,0.0,0.0,-0.0
1485999148885493716,1.60832548141,0.0,0.0,0.0,0.0,-0.0
1485999148893540852,1.56706440449,0.0,0.0,0.0,0.0,-0.0
1485999148901521581,1.54649496078,0.0,0.0,0.0,0.0,-0.0
1485999148905457518,1.50523388386,0.0,0.0,0.0,0.0,-0.0
1485999148909544706,1.46397292614,0.0,0.0,0.0,0.0,-0.0
1485999148913395279,1.44340348244,0.0,0.0,0.0,0.0,-0.0
1485999148921733247,1.40214240551,0.0,0.0,0.0,0.0,-0.0
1485999148929678612,1.38151192665,0.0,0.0,0.0,0.0,-0.0
1485999148937530018,1.34025084972,0.0,0.0,0.0,0.0,-0.0
1485999148945507622,1.29905092716,0.0,0.0,0.0,0.0,-0.0
1485999148949612154,1.27842032909,0.0,0.0,0.0,0.0,-0.0
1485999148953758976,1.23715937138,0.0,0.0,0.0,0.0,-0.0
1485999148957545591,1.21658980846,0.0,0.0,0.0,0.0,-0.0
1485999148961683508,1.17532885075,0.0,0.0,0.0,0.0,-0.0
1485999148973523299,1.13406777382,0.0,0.0,0.0,0.0,-0.0
1485999148977805279,1.07223725319,0.0,0.0,0.0,0.0,-0.0
1485999148981469601,1.01034581661,0.0,0.0,0.0,0.0,-0.0
1485999148985412466,0.969145774841,0.0,0.0,0.0,0.0,-0.0
1485999148989480487,0.90725427866,0.0,0.0,0.0,0.0,-0.0
1485999148993438924,0.866054236889,0.0,0.0,0.0,0.0,-0.0
1485999148997665018,0.84542375803,0.0,0.0,0.0,0.0,-0.0
1485999149001450747,0.804162740707,0.0,0.0,0.0,0.0,-0.0
1485999149005554758,0.783532202244,0.0,0.0,0.0,0.0,-0.0
1485999149009449549,0.701071202755,0.0,0.0,0.0,0.0,-0.0
1485999149013453768,0.680440664291,0.0,0.0,0.0,0.0,-0.0
1485999149017591164,0.639240682125,0.0,0.0,0.0,0.0,-0.0
1485999149021609966,0.577349185944,0.0,0.0,0.0,0.0,-0.0
1485999149029779914,0.536149203777,0.0,0.0,0.0,0.0,-0.0
1485999149033424914,0.515518665314,0.0,0.0,0.0,0.0,-0.0
1485999149037514445,0.474257647991,0.0,0.0,0.0,0.0,-0.0
1485999149049529810,0.45362713933,0.0,0.0,0.0,0.0,-0.0
1485999149065578768,0.412427127361,0.0,0.0,0.0,0.0,-0.0
1485999149173568039,0.371166110039,0.0,0.0,0.0,0.0,-0.0
1485999149185586060,0.350535601377,0.0,0.0,0.0,0.0,-0.0
1485999149193503091,0.309335619211,0.0,0.0,0.0,0.0,-0.0
1485999149201576320,0.268074601889,0.0,0.0,0.0,0.0,-0.0
1485999149209636008,0.247444078326,0.0,0.0,0.0,0.0,-0.0
1485999149214012101,0.206244081259,0.0,0.0,0.0,0.0,-0.0
1485999149221705956,0.185613572598,0.0,0.0,0.0,0.0,-0.0
1485999149229900956,0.144352555275,0.0,0.0,0.0,0.0,-0.0
1485999149233807101,0.103152565658,0.0,0.0,0.0,0.0,-0.0
1485999149240111633,0.0825220495462,0.0,0.0,0.0,0.0,-0.0
1485999149241565903,0.0206305123866,0.0,0.0,0.0,0.0,-0.0
1485999149245667622,-0.0,0.0,0.0,0.0,0.0,-0.0
1485999149365805070,0.0206305123866,0.0,0.0,0.0,0.0,-0.0
1485999149373533039,0.0412610247731,0.0,0.0,0.0,0.0,-0.0
1485999149381676060,0.0825220495462,0.0,0.0,0.0,0.0,-0.0
1485999149389522726,0.103152565658,0.0,0.0,0.0,0.0,-0.0
1485999149393457205,0.144352555275,0.0,0.0,0.0,0.0,-0.0
1485999149401532518,0.185613572598,0.0,0.0,0.0,0.0,-0.0
1485999149425599133,0.206244081259,0.0,0.0,0.0,0.0,-0.0
1485999149445661893,0.247444078326,0.0,0.0,0.0,0.0,-0.0
1485999149453565174,0.268074601889,0.0,0.0,0.0,0.0,-0.0
1485999149461583091,0.309335619211,0.0,0.0,0.0,0.0,-0.0
1485999149473938039,0.350535601377,0.0,0.0,0.0,0.0,-0.0
1485999149481520226,0.371166110039,0.0,0.0,0.0,0.0,-0.0
1485999149497568664,0.412427127361,0.0,0.0,0.0,0.0,-0.0
1485999149513548351,0.45362713933,0.0,0.0,0.0,0.0,-0.0
1485999149529597205,0.474257647991,0.0,0.0,0.0,0.0,-0.0
1485999149549561789,0.515518665314,0.0,0.0,0.0,0.0,-0.0
1485999149589608299,0.536149203777,0.0,0.0,0.0,0.0,-0.0
1485999149725833976,0.577349185944,0.0,0.0,0.0,0.0,-0.0
1485999149793684914,0.618610203266,0.0,0.0,0.0,0.0,-0.0
1485999149809748247,0.639240682125,0.0,0.0,0.0,0.0,-0.0
1485999149813542049,0.680440664291,0.0,0.0,0.0,0.0,-0.0
1485999149825759393,0.701071202755,0.0,0.0,0.0,0.0,-0.0
1485999149837545330,0.742332220078,0.0,0.0,0.0,0.0,-0.0
1485999149861618091,0.783532202244,0.0,0.0,0.0,0.0,-0.0
1485999149873638403,0.804162740707,0.0,0.0,0.0,0.0,-0.0
1485999149889800070,0.84542375803,0.0,0.0,0.0,0.0,-0.0
1485999149902187466,0.866054236889,0.0,0.0,0.0,0.0,-0.0
1485999149921850070,0.90725427866,0.0,0.0,0.0,0.0,-0.0
1485999149945911007,0.948515295982,0.0,0.0,0.0,0.0,-0.0
1485999149966130174,0.969145774841,0.0,0.0,0.0,0.0,-0.0
1485999149990149184,1.01034581661,0.0,0.0,0.0,0.0,-0.0
1485999150249757518,0.90725427866,0.0,0.0,0.0,0.0,-0.0
1485999150261782986,0.90725427866,0.0,0.0,0.0,0.0,0.0297079378366
1485999150266623611,0.90725427866,0.0,0.0,0.0,0.0,0.069289226532
1485999150269482153,0.90725427866,0.0,0.0,0.0,0.0,0.0890945148468
1485999150273586424,0.90725427866,0.0,0.0,0.0,0.0,0.0989971590042
1485999150277503716,0.90725427866,0.0,0.0,0.0,0.0,0.118773157597
1485999150282223559,0.90725427866,0.0,0.0,0.0,0.0,0.148481097221
1485999150285704549,0.90725427866,0.0,0.0,0.0,0.0,0.168257088661
1485999150289511684,0.90725427866,0.0,0.0,0.0,0.0,0.188062376976
1485999150293895434,0.90725427866,0.0,0.0,0.0,0.0,0.207867665291
1485999150297846059,0.90725427866,0.0,0.0,0.0,0.0,0.217741026878
1485999150301726059,0.90725427866,0.0,0.0,0.0,0.0,0.237546315193
1485999150306199601,0.90725427866,0.0,0.0,0.0,0.0,0.257351617813
1485999150309556372,0.90725427866,0.0,0.0,0.0,0.0,0.26722495079
1485999150317545122,0.90725427866,0.0,0.0,0.0,0.0,0.287030239105
1485999150321489497,0.90725427866,0.0,0.0,0.0,0.0,0.30683552742
1485999150329550643,0.90725427866,0.0,0.0,0.0,0.0,0.316738185883
1485999150341649236,0.90725427866,0.0,0.0,0.0,0.0,0.336514177322
1485999150350389028,0.90725427866,0.0,0.0,0.0,0.0,0.356319465637
1485999150353747413,0.90725427866,0.0,0.0,0.0,0.0,0.376095457077
1485999150358048820,0.90725427866,0.0,0.0,0.0,0.0,0.38599811554
1485999150361516580,0.90725427866,0.0,0.0,0.0,0.0,0.405803403854
1485999150365660747,0.90725427866,0.0,0.0,0.0,0.0,0.425608692169
1485999150373582101,0.90725427866,0.0,0.0,0.0,0.0,0.435482053757
1485999150377800226,0.90725427866,0.0,0.0,0.0,0.0,0.455287342072
1485999150385562361,0.90725427866,0.0,0.0,0.0,0.0,0.475092630386
1485999150393698455,0.90725427866,0.0,0.0,0.0,0.0,0.484965991974
1485999150397603351,0.90725427866,0.0,0.0,0.0,0.0,0.504771251678
1485999150401523663,0.90725427866,0.0,0.0,0.0,0.0,0.524576568604
1485999150405991893,0.90725427866,0.0,0.0,0.0,0.0,0.544352531433
1485999150409600070,0.90725427866,0.0,0.0,0.0,0.0,0.554255218506
1485999150413614497,0.90725427866,0.0,0.0,0.0,0.0,0.57406047821
1485999150417555695,0.90725427866,0.0,0.0,0.0,0.0,0.59383649826
1485999150421491320,0.90725427866,0.0,0.0,0.0,0.0,0.603739128113
1485999150425549966,0.90725427866,0.0,0.0,0.0,0.0,0.623544445038
1485999150429460278,0.90725427866,0.0,0.0,0.0,0.0,0.643320407867
1485999150441584132,0.90725427866,0.0,0.0,0.0,0.0,0.663125724792
1485999150445520070,0.90725427866,0.0,0.0,0.0,0.0,0.673028354645
1485999150453676632,0.90725427866,0.0,0.0,0.0,0.0,0.69283367157
1485999150461625486,0.90725427866,0.0,0.0,0.0,0.0,0.712609634399
1485999150473599861,0.90725427866,0.0,0.0,0.0,0.0,0.722512264252
1485999150481581840,0.90725427866,0.0,0.0,0.0,0.0,0.742317581177
1485999150497604549,0.90725427866,0.0,0.0,0.0,0.0,0.762093544006
1485999150537740643,0.90725427866,0.0,0.0,0.0,0.0,0.771996231079
1485999150641598351,0.90725427866,0.0,0.0,0.0,0.0,0.722512264252
1485999150645534393,0.90725427866,0.0,0.0,0.0,0.0,0.712609634399
1485999150649487570,0.90725427866,0.0,0.0,0.0,0.0,0.673028354645
1485999150653647413,0.90725427866,0.0,0.0,0.0,0.0,0.663125724792
1485999150657676997,0.90725427866,0.0,0.0,0.0,0.0,0.623544445038
1485999150661498611,0.90725427866,0.0,0.0,0.0,0.0,0.59383649826
1485999150665540278,0.90725427866,0.0,0.0,0.0,0.0,0.554255218506
1485999150669441580,0.90725427866,0.0,0.0,0.0,0.0,0.504771251678
1485999150673668143,0.866054236889,0.0,0.0,0.0,0.0,0.425608692169
1485999150678013299,0.866054236889,0.0,0.0,0.0,0.0,0.0989971590042
1485999150682578872,0.866054236889,0.0,0.0,0.0,0.0,-0.0
1485999150730028872,0.84542375803,0.0,0.0,0.0,0.0,-0.0
1485999152121620121,0.948515295982,0.0,0.0,0.0,0.0,-0.0
1485999152141567569,0.969145774841,0.0,0.0,0.0,0.0,-0.0
1485999152149955173,1.01034581661,0.0,0.0,0.0,0.0,-0.0
1485999152161595173,1.03097629547,0.0,0.0,0.0,0.0,-0.0
1485999152174512204,1.07223725319,0.0,0.0,0.0,0.0,-0.0
1485999152181607204,1.11343729496,0.0,0.0,0.0,0.0,-0.0
1485999152205715382,1.13406777382,0.0,0.0,0.0,0.0,-0.0
1485999152305874340,1.17532885075,0.0,0.0,0.0,0.0,-0.0
1485999152801801944,1.07223725319,0.0,0.0,0.0,0.0,-0.0
1485999152821652204,1.03097629547,0.0,0.0,0.0,0.0,-0.0
1485999152825671319,1.01034581661,0.0,0.0,0.0,0.0,-0.0
1485999152829502100,0.969145774841,0.0,0.0,0.0,0.0,-0.0
1485999152838524808,0.948515295982,0.0,0.0,0.0,0.0,-0.0
1485999152845809340,0.90725427866,0.0,0.0,0.0,0.0,-0.0
1485999152861549808,0.866054236889,0.0,0.0,0.0,0.0,-0.0
1485999152893853923,0.84542375803,0.0,0.0,0.0,0.0,-0.0
1485999153033792933,0.804162740707,0.0,0.0,0.0,0.0,-0.0
1485999153049789548,0.783532202244,0.0,0.0,0.0,0.0,-0.0
1485999153053915173,0.742332220078,0.0,0.0,0.0,0.0,-0.0
1485999153061778194,0.701071202755,0.0,0.0,0.0,0.0,-0.0
1485999153073557360,0.680440664291,0.0,0.0,0.0,0.0,-0.0
1485999153085776839,0.639240682125,0.0,0.0,0.0,0.0,-0.0
1485999153089517985,0.618610203266,0.0,0.0,0.0,0.0,-0.0
1485999153097652933,0.577349185944,0.0,0.0,0.0,0.0,-0.0
1485999153117859444,0.536149203777,0.0,0.0,0.0,0.0,-0.0
1485999153249846631,0.515518665314,0.0,0.0,0.0,0.0,-0.0
1485999153290450485,0.474257647991,0.0,0.0,0.0,0.0,-0.0
1485999153305624860,0.45362713933,0.0,0.0,0.0,0.0,-0.0
1485999153321598662,0.412427127361,0.0,0.0,0.0,0.0,-0.0
1485999153393902464,0.515518665314,0.0,0.0,0.0,0.0,-0.0
1485999153397568402,0.536149203777,0.0,0.0,0.0,0.0,-0.0
1485999153410115850,0.680440664291,0.0,0.0,0.0,0.0,-0.0
1485999153414029496,0.701071202755,0.0,0.0,0.0,0.0,-0.0
1485999153417511527,0.783532202244,0.0,0.0,0.0,0.0,-0.0
1485999153421553662,0.84542375803,0.0,0.0,0.0,0.0,-0.0
1485999153425473246,0.866054236889,0.0,0.0,0.0,0.0,-0.0
1485999153429458037,0.948515295982,0.0,0.0,0.0,0.0,-0.0
1485999153433465850,0.969145774841,0.0,0.0,0.0,0.0,-0.0
1485999153437542204,1.03097629547,0.0,0.0,0.0,0.0,-0.0
1485999153441557360,1.11343729496,0.0,0.0,0.0,0.0,-0.0
1485999153445825329,1.13406777382,0.0,0.0,0.0,0.0,-0.0
1485999153450088141,1.17532885075,0.0,0.0,0.0,0.0,-0.0
1485999153457894496,1.21658980846,0.0,0.0,0.0,0.0,-0.0
1485999153469709183,1.23715937138,0.0,0.0,0.0,0.0,-0.0
1485999153549625954,1.13406777382,0.0,0.0,0.0,0.0,-0.0
1485999153553505485,1.11343729496,0.0,0.0,0.0,0.0,-0.0
1485999153557494287,1.07223725319,0.0,0.0,0.0,0.0,-0.0
1485999153562036891,1.03097629547,0.0,0.0,0.0,0.0,-0.0
1485999153565499600,0.969145774841,0.0,0.0,0.0,0.0,-0.0
1485999153569552777,0.948515295982,0.0,0.0,0.0,0.0,-0.0
1485999153574037777,0.90725427866,0.0,0.0,0.0,0.0,-0.0
1485999153577653246,0.866054236889,0.0,0.0,0.0,0.0,-0.0
1485999153585882412,0.84542375803,0.0,0.0,0.0,0.0,-0.0
1485999153589529131,0.804162740707,0.0,0.0,0.0,0.0,-0.0
1485999153597559964,0.783532202244,0.0,0.0,0.0,0.0,-0.0
1485999153601586058,0.742332220078,0.0,0.0,0.0,0.0,-0.0
1485999153605527308,0.701071202755,0.0,0.0,0.0,0.0,-0.0
1485999153613529443,0.680440664291,0.0,0.0,0.0,0.0,-0.0
1485999153625694496,0.639240682125,0.0,0.0,0.0,0.0,-0.0
1485999153633711527,0.577349185944,0.0,0.0,0.0,0.0,-0.0
1485999153645937621,0.536149203777,0.0,0.0,0.0,0.0,-0.0
1485999153661584496,0.515518665314,0.0,0.0,0.0,0.0,-0.0
1485999153709915433,0.474257647991,0.0,0.0,0.0,0.0,-0.0
1485999153778115016,0.577349185944,0.0,0.0,0.0,0.0,-0.0
1485999153781530120,0.618610203266,0.0,0.0,0.0,0.0,-0.0
1485999153789543141,0.680440664291,0.0,0.0,0.0,0.0,-0.0
1485999153793505381,0.701071202755,0.0,0.0,0.0,0.0,-0.0
1485999153797542100,0.783532202244,0.0,0.0,0.0,0.0,-0.0
1485999153802702256,0.804162740707,0.0,0.0,0.0,0.0,-0.0
1485999153805543506,0.84542375803,0.0,0.0,0.0,0.0,-0.0
1485999153809921318,0.866054236889,0.0,0.0,0.0,0.0,-0.0
1485999153813532464,0.948515295982,0.0,0.0,0.0,0.0,-0.0
1485999153817886423,0.969145774841,0.0,0.0,0.0,0.0,-0.0
1485999153821523714,1.03097629547,0.0,0.0,0.0,0.0,-0.0
1485999153825729756,1.11343729496,0.0,0.0,0.0,0.0,-0.0
1485999153829615381,1.13406777382,0.0,0.0,0.0,0.0,-0.0
1485999153833569808,1.17532885075,0.0,0.0,0.0,0.0,-0.0
1485999153837948350,1.21658980846,0.0,0.0,0.0,0.0,-0.0
1485999153841486110,1.27842032909,0.0,0.0,0.0,0.0,-0.0
1485999153854065589,1.29905092716,0.0,0.0,0.0,0.0,-0.0
1485999153917786683,1.29905092716,0.0,0.0,0.0,0.0,0.0495132315159
1485999153921531683,1.29905092716,0.0,0.0,0.0,0.0,0.0890945148468
1485999153925561943,1.29905092716,0.0,0.0,0.0,0.0,0.118773157597
1485999153929426058,1.29905092716,0.0,0.0,0.0,0.0,0.148481097221
1485999153933461735,1.29905092716,0.0,0.0,0.0,0.0,0.168257088661
1485999153937526891,1.29905092716,0.0,0.0,0.0,0.0,0.207867665291
1485999153941559756,1.29905092716,0.0,0.0,0.0,0.0,0.217741026878
1485999153945516995,1.29905092716,0.0,0.0,0.0,0.0,0.237546315193
1485999153949533870,1.29905092716,0.0,0.0,0.0,0.0,0.257351617813
1485999153953416839,1.29905092716,0.0,0.0,0.0,0.0,0.26722495079
1485999153957611058,1.29905092716,0.0,0.0,0.0,0.0,0.287030239105
1485999153965888454,1.29905092716,0.0,0.0,0.0,0.0,0.30683552742
1485999153977580850,1.29905092716,0.0,0.0,0.0,0.0,0.316738185883
1485999153989795693,1.29905092716,0.0,0.0,0.0,0.0,0.336514177322
1485999154166211891,1.29905092716,0.0,0.0,0.0,0.0,0.287030239105
1485999154173493870,1.29905092716,0.0,0.0,0.0,0.0,0.26722495079
1485999154185849704,1.29905092716,0.0,0.0,0.0,0.0,0.257351617813
1485999154193618089,1.29905092716,0.0,0.0,0.0,0.0,0.237546315193
1485999154201619964,1.29905092716,0.0,0.0,0.0,0.0,0.217741026878
1485999154209557724,1.29905092716,0.0,0.0,0.0,0.0,0.207867665291
1485999154213813193,1.29905092716,0.0,0.0,0.0,0.0,0.188062376976
1485999154217563558,1.29905092716,0.0,0.0,0.0,0.0,0.168257088661
1485999154225598245,1.29905092716,0.0,0.0,0.0,0.0,0.148481097221
1485999154233546683,1.29905092716,0.0,0.0,0.0,0.0,0.138578453064
1485999154237699235,1.29905092716,0.0,0.0,0.0,0.0,0.118773157597
1485999154241742829,1.29905092716,0.0,0.0,0.0,0.0,0.0890945148468
1485999154245536474,1.29905092716,0.0,0.0,0.0,0.0,0.069289226532
1485999154249487047,1.29905092716,0.0,0.0,0.0,0.0,0.0495132315159
1485999154253525849,1.29905092716,0.0,0.0,0.0,0.0,0.0198052918911
1485999154257809339,1.29905092716,0.0,0.0,0.0,0.0,-0.0
1485999154334133610,1.21658980846,0.0,0.0,0.0,0.0,-0.0
1485999154561720537,1.21658980846,0.0,0.0,0.0,0.0,0.0198052918911
1485999154565504339,1.21658980846,0.0,0.0,0.0,0.0,0.0890945148468
1485999154569465016,1.21658980846,0.0,0.0,0.0,0.0,0.0989971590042
1485999154573567204,1.21658980846,0.0,0.0,0.0,0.0,0.148481097221
1485999154577705329,1.21658980846,0.0,0.0,0.0,0.0,0.168257088661
1485999154581420745,1.21658980846,0.0,0.0,0.0,0.0,0.217741026878
1485999154585668558,1.21658980846,0.0,0.0,0.0,0.0,0.257351617813
1485999154589470068,1.21658980846,0.0,0.0,0.0,0.0,0.26722495079
1485999154593870797,1.21658980846,0.0,0.0,0.0,0.0,0.30683552742
1485999154597739964,1.21658980846,0.0,0.0,0.0,0.0,0.316738185883
1485999154601719912,1.21658980846,0.0,0.0,0.0,0.0,0.336514177322
1485999154605490016,1.21658980846,0.0,0.0,0.0,0.0,0.356319465637
1485999154610325224,1.21658980846,0.0,0.0,0.0,0.0,0.38599811554
1485999154613943401,1.21658980846,0.0,0.0,0.0,0.0,0.425608692169
1485999154618065224,1.21658980846,0.0,0.0,0.0,0.0,0.435482053757
1485999154621492672,1.21658980846,0.0,0.0,0.0,0.0,0.455287342072
1485999154625556891,1.21658980846,0.0,0.0,0.0,0.0,0.475092630386
1485999154629493193,1.21658980846,0.0,0.0,0.0,0.0,0.484965991974
1485999154633483401,1.21658980846,0.0,0.0,0.0,0.0,0.504771251678
1485999154637551891,1.21658980846,0.0,0.0,0.0,0.0,0.524576568604
1485999154641452151,1.21658980846,0.0,0.0,0.0,0.0,0.544352531433
1485999154645442828,1.21658980846,0.0,0.0,0.0,0.0,0.554255218506
1485999154653522828,1.21658980846,0.0,0.0,0.0,0.0,0.57406047821
1485999154709635537,1.21658980846,0.0,0.0,0.0,0.0,0.504771251678
1485999154713566370,1.21658980846,0.0,0.0,0.0,0.0,0.455287342072
1485999154717533662,1.21658980846,0.0,0.0,0.0,0.0,0.435482053757
1485999154721534131,1.21658980846,0.0,0.0,0.0,0.0,0.38599811554
1485999154725998297,1.21658980846,0.0,0.0,0.0,0.0,0.336514177322
1485999154729991006,1.21658980846,0.0,0.0,0.0,0.0,0.30683552742
1485999154733468558,1.21658980846,0.0,0.0,0.0,0.0,0.26722495079
1485999154737867828,1.21658980846,0.0,0.0,0.0,0.0,0.188062376976
1485999154741729912,1.21658980846,0.0,0.0,0.0,0.0,0.0989971590042
1485999154746034026,1.21658980846,0.0,0.0,0.0,0.0,0.0198052918911
1485999154749549026,1.21658980846,0.0,0.0,0.0,0.0,-0.0
1485999155029878870,1.17532885075,0.0,0.0,0.0,0.0,-0.0
1485999155037656735,1.13406777382,0.0,0.0,0.0,0.0,-0.0
1485999155042019130,1.11343729496,0.0,0.0,0.0,0.0,-0.0
1485999155045538089,1.07223725319,0.0,0.0,0.0,0.0,-0.0
1485999155049579755,1.01034581661,0.0,0.0,0.0,0.0,-0.0
1485999155053544026,0.969145774841,0.0,0.0,0.0,0.0,-0.0
1485999155057681839,0.948515295982,0.0,0.0,0.0,0.0,-0.0
1485999155062019495,0.90725427866,0.0,0.0,0.0,0.0,-0.0
1485999155065572620,0.866054236889,0.0,0.0,0.0,0.0,-0.0
1485999155077742360,0.84542375803,0.0,0.0,0.0,0.0,-0.0
1485999155093754391,0.804162740707,0.0,0.0,0.0,0.0,-0.0
1485999155113805537,0.804162740707,0.0,0.0,0.0,0.0,0.0495132315159
1485999155117733818,0.804162740707,0.0,0.0,0.0,0.0,0.0989971590042
1485999155126418870,0.804162740707,0.0,0.0,0.0,0.0,0.168257088661
1485999155129467724,0.804162740707,0.0,0.0,0.0,0.0,0.217741026878
1485999155133480016,0.804162740707,0.0,0.0,0.0,0.0,0.257351617813
1485999155138308557,0.804162740707,0.0,0.0,0.0,0.0,0.287030239105
1485999155141929807,0.804162740707,0.0,0.0,0.0,0.0,0.30683552742
1485999155145470901,0.804162740707,0.0,0.0,0.0,0.0,0.336514177322
1485999155149526630,0.804162740707,0.0,0.0,0.0,0.0,0.356319465637
1485999155153440485,0.804162740707,0.0,0.0,0.0,0.0,0.405803403854
1485999155157540589,0.804162740707,0.0,0.0,0.0,0.0,0.435482053757
1485999155163300276,0.804162740707,0.0,0.0,0.0,0.0,0.475092630386
1485999155165514339,0.804162740707,0.0,0.0,0.0,0.0,0.504771251678
1485999155169746214,0.804162740707,0.0,0.0,0.0,0.0,0.544352531433
1485999155173493193,0.804162740707,0.0,0.0,0.0,0.0,0.57406047821
1485999155177820693,0.804162740707,0.0,0.0,0.0,0.0,0.603739128113
1485999155181585120,0.804162740707,0.0,0.0,0.0,0.0,0.623544445038
1485999155185507151,0.804162740707,0.0,0.0,0.0,0.0,0.663125724792
1485999155189578453,0.804162740707,0.0,0.0,0.0,0.0,0.69283367157
1485999155193674235,0.804162740707,0.0,0.0,0.0,0.0,0.712609634399
1485999155197604182,0.804162740707,0.0,0.0,0.0,0.0,0.742317581177
1485999155201528557,0.804162740707,0.0,0.0,0.0,0.0,0.771996231079
1485999155205474912,0.804162740707,0.0,0.0,0.0,0.0,0.791801490784
1485999155209449443,0.804162740707,0.0,0.0,0.0,0.0,0.831382770538
1485999155213649182,0.804162740707,0.0,0.0,0.0,0.0,0.861061420441
1485999155217939912,0.804162740707,0.0,0.0,0.0,0.0,0.880866737366
1485999155221543037,0.804162740707,0.0,0.0,0.0,0.0,0.930350646973
1485999155225680380,0.90725427866,0.0,0.0,0.0,0.0,0.96
1485999155245570693,0.948515295982,0.0,0.0,0.0,0.0,0.96
1485999155253718974,0.969145774841,0.0,0.0,0.0,0.0,0.96
1485999155269814755,1.01034581661,0.0,0.0,0.0,0.0,0.96
1485999155289592099,1.03097629547,0.0,0.0,0.0,0.0,0.96
1485999155305795068,1.07223725319,0.0,0.0,0.0,0.0,0.96
1485999155329591839,1.11343729496,0.0,0.0,0.0,0.0,0.96
1485999155357574755,1.13406777382,0.0,0.0,0.0,0.0,0.96
1485999155401840953,1.13406777382,0.0,0.0,0.0,0.0,0.96
1485999155693648036,1.13406777382,0.0,0.0,0.0,0.0,0.811577510834
1485999155697537568,1.13406777382,0.0,0.0,0.0,0.0,0.762093544006
1485999155701427932,1.13406777382,0.0,0.0,0.0,0.0,0.673028354645
1485999155705511370,1.13406777382,0.0,0.0,0.0,0.0,0.59383649826
1485999155709514443,1.13406777382,0.0,0.0,0.0,0.0,0.475092630386
1485999155713726057,1.13406777382,0.0,0.0,0.0,0.0,0.376095457077
1485999155717767828,1.13406777382,0.0,0.0,0.0,0.0,0.168257088661
1485999155721543661,1.13406777382,0.0,0.0,0.0,0.0,-0.0
1485999156229679755,1.17532885075,0.0,0.0,0.0,0.0,-0.0
1485999156265677151,1.21658980846,0.0,0.0,0.0,0.0,-0.0
1485999156277983088,1.23715937138,0.0,0.0,0.0,0.0,-0.0
1485999156281716630,1.27842032909,0.0,0.0,0.0,0.0,-0.0
1485999156293527411,1.29905092716,0.0,0.0,0.0,0.0,-0.0
1485999156302000849,1.34025084972,0.0,0.0,0.0,0.0,-0.0
1485999156318014599,1.38151192665,0.0,0.0,0.0,0.0,-0.0
1485999156389691890,1.29905092716,0.0,0.0,0.0,0.0,-0.0
1485999156413558140,1.21658980846,0.0,0.0,0.0,0.0,-0.0
1485999156417898765,1.17532885075,0.0,0.0,0.0,0.0,-0.0
1485999156421431526,1.13406777382,0.0,0.0,0.0,0.0,-0.0
1485999156425469651,1.11343729496,0.0,0.0,0.0,0.0,-0.0
1485999156429520484,1.03097629547,0.0,0.0,0.0,0.0,-0.0
1485999156433437255,1.01034581661,0.0,0.0,0.0,0.0,-0.0
1485999156437519234,0.969145774841,0.0,0.0,0.0,0.0,-0.0
1485999156441489859,0.948515295982,0.0,0.0,0.0,0.0,-0.0
1485999156445507828,0.90725427866,0.0,0.0,0.0,0.0,-0.0
1485999156449507099,0.866054236889,0.0,0.0,0.0,0.0,-0.0
1485999156457506734,0.84542375803,0.0,0.0,0.0,0.0,-0.0
1485999156469510484,0.804162740707,0.0,0.0,0.0,0.0,-0.0
1485999156481593922,0.783532202244,0.0,0.0,0.0,0.0,-0.0
1485999156493626734,0.742332220078,0.0,0.0,0.0,0.0,-0.0
1485999156505534651,0.701071202755,0.0,0.0,0.0,0.0,-0.0
1485999156509622463,0.701071202755,0.0,0.0,0.0,0.0,-0.0
1485999156521821161,0.680440664291,0.0,0.0,0.0,0.0,-0.0
1485999156549814494,0.639240682125,0.0,0.0,0.0,0.0,-0.0
1485999156666003088,0.742332220078,0.0,0.0,0.0,0.0,-0.0
1485999156677825328,0.783532202244,0.0,0.0,0.0,0.0,-0.0
1485999156681737046,0.804162740707,0.0,0.0,0.0,0.0,-0.0
1485999156689551838,0.84542375803,0.0,0.0,0.0,0.0,-0.0
1485999156693482880,0.866054236889,0.0,0.0,0.0,0.0,-0.0
1485999156701547046,0.90725427866,0.0,0.0,0.0,0.0,-0.0
1485999156705505067,0.948515295982,0.0,0.0,0.0,0.0,-0.0
1485999156709504182,0.969145774841,0.0,0.0,0.0,0.0,-0.0
1485999156713433401,1.01034581661,0.0,0.0,0.0,0.0,-0.0
1485999156717687932,1.03097629547,0.0,0.0,0.0,0.0,-0.0
1485999156721557567,1.07223725319,0.0,0.0,0.0,0.0,-0.0
1485999156833613869,0.969145774841,0.0,0.0,0.0,0.0,-0.0
1485999156837654338,0.948515295982,0.0,0.0,0.0,0.0,-0.0
1485999156845570901,0.90725427866,0.0,0.0,0.0,0.0,-0.0
1485999156861584338,0.866054236889,0.0,0.0,0.0,0.0,-0.0
1485999156961618348,0.948515295982,0.0,0.0,0.0,0.0,-0.0
1485999156977549963,0.969145774841,0.0,0.0,0.0,0.0,-0.0
1485999156989908296,0.969145774841,0.0,0.0,0.0,0.0,0.0297079378366
1485999156993634807,0.969145774841,0.0,0.0,0.0,0.0,0.0890945148468
1485999156997578765,0.969145774841,0.0,0.0,0.0,0.0,0.0989971590042
1485999157001494963,0.969145774841,0.0,0.0,0.0,0.0,0.118773157597
1485999157005475953,0.969145774841,0.0,0.0,0.0,0.0,0.138578453064
1485999157009442255,0.969145774841,0.0,0.0,0.0,0.0,0.148481097221
1485999157015161317,0.969145774841,0.0,0.0,0.0,0.0,0.168257088661
1485999157017800692,0.969145774841,0.0,0.0,0.0,0.0,0.188062376976
1485999157021490380,0.969145774841,0.0,0.0,0.0,0.0,0.207867665291
1485999157025808088,0.969145774841,0.0,0.0,0.0,0.0,0.237546315193
1485999157033768453,0.969145774841,0.0,0.0,0.0,0.0,0.257351617813
1485999157038167775,0.969145774841,0.0,0.0,0.0,0.0,0.26722495079
1485999157045518973,0.969145774841,0.0,0.0,0.0,0.0,0.287030239105
1485999157053505900,0.969145774841,0.0,0.0,0.0,0.0,0.30683552742
1485999157065676890,0.969145774841,0.0,0.0,0.0,0.0,0.316738185883
1485999157093607984,0.969145774841,0.0,0.0,0.0,0.0,0.336514177322
1485999157121570588,0.866054236889,0.0,0.0,0.0,0.0,0.336514177322
1485999157197551630,0.866054236889,0.0,0.0,0.0,0.0,0.356319465637
1485999157217828453,0.866054236889,0.0,0.0,0.0,0.0,0.376095457077
1485999157229621838,0.866054236889,0.0,0.0,0.0,0.0,0.38599811554
1485999157233507203,0.866054236889,0.0,0.0,0.0,0.0,0.38599811554
1485999157241539859,0.866054236889,0.0,0.0,0.0,0.0,0.405803403854
1485999157257883400,0.866054236889,0.0,0.0,0.0,0.0,0.425608692169
1485999157269620796,0.866054236889,0.0,0.0,0.0,0.0,0.435482053757
1485999157349860223,0.866054236889,0.0,0.0,0.0,0.0,0.435482053757
1485999157385658452,0.866054236889,0.0,0.0,0.0,0.0,0.356319465637
1485999157389861786,0.866054236889,0.0,0.0,0.0,0.0,0.336514177322
1485999157393529182,0.866054236889,0.0,0.0,0.0,0.0,0.30683552742
1485999157397788140,0.866054236889,0.0,0.0,0.0,0.0,0.26722495079
1485999157402357411,0.866054236889,0.0,0.0,0.0,0.0,0.237546315193
1485999157406816734,0.866054236889,0.0,0.0,0.0,0.0,0.168257088661
1485999157409580275,0.866054236889,0.0,0.0,0.0,0.0,0.0989971590042
1485999157413976577,0.866054236889,0.0,0.0,0.0,0.0,0.0297079378366
1485999157417488921,0.866054236889,0.0,0.0,0.0,0.0,-0.0
1485999157773766213,0.948515295982,0.0,0.0,0.0,0.0,-0.0
1485999157801611681,0.969145774841,0.0,0.0,0.0,0.0,-0.0
1485999157809487359,0.969145774841,0.0,0.0,0.0,0.0,0.0297079378366
1485999157813508765,0.969145774841,0.0,0.0,0.0,0.0,0.0890945148468
1485999157817544129,0.969145774841,0.0,0.0,0.0,0.0,0.0989971590042
1485999157821516577,0.969145774841,0.0,0.0,0.0,0.0,0.148481097221
1485999157825553713,0.969145774841,0.0,0.0,0.0,0.0,0.188062376976
1485999157829491369,0.969145774841,0.0,0.0,0.0,0.0,0.217741026878
1485999157833462567,0.969145774841,0.0,0.0,0.0,0.0,0.257351617813
1485999157837546942,0.969145774841,0.0,0.0,0.0,0.0,0.26722495079
1485999157841500848,1.01034581661,0.0,0.0,0.0,0.0,0.30683552742
1485999157845508088,1.01034581661,0.0,0.0,0.0,0.0,0.316738185883
1485999157849477671,1.01034581661,0.0,0.0,0.0,0.0,0.336514177322
1485999157853409598,1.01034581661,0.0,0.0,0.0,0.0,0.376095457077
1485999157857506421,1.01034581661,0.0,0.0,0.0,0.0,0.425608692169
1485999157861438609,1.01034581661,0.0,0.0,0.0,0.0,0.455287342072
1485999157865456786,1.01034581661,0.0,0.0,0.0,0.0,0.475092630386
1485999157869473765,1.01034581661,0.0,0.0,0.0,0.0,0.504771251678
1485999157873670379,1.01034581661,0.0,0.0,0.0,0.0,0.554255218506
1485999157877505588,1.01034581661,0.0,0.0,0.0,0.0,0.57406047821
1485999157881567046,1.01034581661,0.0,0.0,0.0,0.0,0.603739128113
1485999157889558244,1.01034581661,0.0,0.0,0.0,0.0,0.623544445038
1485999157893950275,1.01034581661,0.0,0.0,0.0,0.0,0.663125724792
1485999157898340171,1.01034581661,0.0,0.0,0.0,0.0,0.673028354645
1485999157902344338,1.01034581661,0.0,0.0,0.0,0.0,0.69283367157
1485999157905859546,1.01034581661,0.0,0.0,0.0,0.0,0.712609634399
1485999157909501473,1.01034581661,0.0,0.0,0.0,0.0,0.722512264252
1485999157913400483,1.01034581661,0.0,0.0,0.0,0.0,0.742317581177
1485999157973546681,1.01034581661,0.0,0.0,0.0,0.0,0.69283367157
1485999157977957046,1.01034581661,0.0,0.0,0.0,0.0,0.673028354645
1485999157986205848,1.01034581661,0.0,0.0,0.0,0.0,0.663125724792
1485999157989457411,1.01034581661,0.0,0.0,0.0,0.0,0.643320407867
1485999157993616421,1.01034581661,0.0,0.0,0.0,0.0,0.623544445038
1485999158005559702,1.03097629547,0.0,0.0,0.0,0.0,0.623544445038
1485999158009437202,1.03097629547,0.0,0.0,0.0,0.0,0.603739128113
1485999158037535171,1.07223725319,0.0,0.0,0.0,0.0,0.603739128113
1485999158057514077,1.11343729496,0.0,0.0,0.0,0.0,0.603739128113
1485999158133532827,1.13406777382,0.0,0.0,0.0,0.0,0.59383649826
1485999158137555015,1.13406777382,0.0,0.0,0.0,0.0,0.57406047821
1485999158141692931,1.13406777382,0.0,0.0,0.0,0.0,0.554255218506
1485999158145837515,1.13406777382,0.0,0.0,0.0,0.0,0.544352531433
1485999158149492671,1.13406777382,0.0,0.0,0.0,0.0,0.524576568604
1485999158153500431,1.13406777382,0.0,0.0,0.0,0.0,0.484965991974
1485999158158175796,1.13406777382,0.0,0.0,0.0,0.0,0.475092630386
1485999158162207254,1.13406777382,0.0,0.0,0.0,0.0,0.455287342072
1485999158166046213,1.13406777382,0.0,0.0,0.0,0.0,0.435482053757
1485999158169801733,1.13406777382,0.0,0.0,0.0,0.0,0.405803403854
1485999158173985640,1.13406777382,0.0,0.0,0.0,0.0,0.356319465637
1485999158177870796,1.13406777382,0.0,0.0,0.0,0.0,0.316738185883
1485999158181551942,1.13406777382,0.0,0.0,0.0,0.0,0.30683552742
1485999158185686160,1.13406777382,0.0,0.0,0.0,0.0,0.257351617813
1485999158189908608,1.13406777382,0.0,0.0,0.0,0.0,0.188062376976
1485999158193660744,1.13406777382,0.0,0.0,0.0,0.0,0.138578453064
1485999158197523869,1.13406777382,0.0,0.0,0.0,0.0,0.069289226532
1485999158201458869,1.13406777382,0.0,0.0,0.0,0.0,-0.0
1485999158321673556,1.17532885075,0.0,0.0,0.0,0.0,-0.0
1485999158341557046,1.21658980846,0.0,0.0,0.0,0.0,-0.0
1485999158369604806,1.23715937138,0.0,0.0,0.0,0.0,-0.0
1485999158377554546,1.23715937138,0.0,0.0,0.0,0.0,0.0198052918911
1485999158381496525,1.23715937138,0.0,0.0,0.0,0.0,0.069289226532
1485999158385669233,1.23715937138,0.0,0.0,0.0,0.0,0.0890945148468
1485999158389555431,1.27842032909,0.0,0.0,0.0,0.0,0.118773157597
1485999158393697983,1.27842032909,0.0,0.0,0.0,0.0,0.148481097221
1485999158397556837,1.27842032909,0.0,0.0,0.0,0.0,0.168257088661
1485999158401480535,1.27842032909,0.0,0.0,0.0,0.0,0.207867665291
1485999158405521317,1.27842032909,0.0,0.0,0.0,0.0,0.217741026878
1485999158409438921,1.27842032909,0.0,0.0,0.0,0.0,0.237546315193
1485999158413430015,1.27842032909,0.0,0.0,0.0,0.0,0.257351617813
1485999158421575067,1.27842032909,0.0,0.0,0.0,0.0,0.26722495079
1485999158425564702,1.27842032909,0.0,0.0,0.0,0.0,0.287030239105
1485999158437625379,1.27842032909,0.0,0.0,0.0,0.0,0.30683552742
1485999158446176629,1.29905092716,0.0,0.0,0.0,0.0,0.30683552742
1485999158454000848,1.29905092716,0.0,0.0,0.0,0.0,0.316738185883
1485999158541966108,1.29905092716,0.0,0.0,0.0,0.0,0.26722495079
1485999158545499598,1.29905092716,0.0,0.0,0.0,0.0,0.237546315193
1485999158549628452,1.29905092716,0.0,0.0,0.0,0.0,0.188062376976
1485999158553450171,1.29905092716,0.0,0.0,0.0,0.0,0.138578453064
1485999158557485379,1.29905092716,0.0,0.0,0.0,0.0,0.0890945148468
1485999158561525952,1.29905092716,0.0,0.0,0.0,0.0,0.0297079378366
1485999158565684233,1.29905092716,0.0,0.0,0.0,0.0,-0.0
1485999158733582046,1.29905092716,0.0,0.0,0.0,0.0,0.0198052918911
1485999158753555119,1.21658980846,0.0,0.0,0.0,0.0,0.0198052918911
1485999158789609546,1.17532885075,0.0,0.0,0.0,0.0,0.0198052918911
1485999158797844181,1.17532885075,0.0,0.0,0.0,0.0,-0.0
1485999158941683191,1.17532885075,0.0,0.0,0.0,0.0,0.069289226532
1485999158945764858,1.17532885075,0.0,0.0,0.0,0.0,0.0989971590042
1485999158949608764,1.27842032909,0.0,0.0,0.0,0.0,0.138578453064
1485999158953751004,1.27842032909,0.0,0.0,0.0,0.0,0.168257088661
1485999158957529702,1.27842032909,0.0,0.0,0.0,0.0,0.188062376976
1485999158962258660,1.29905092716,0.0,0.0,0.0,0.0,0.217741026878
1485999158966008244,1.29905092716,0.0,0.0,0.0,0.0,0.237546315193
1485999158969690639,1.29905092716,0.0,0.0,0.0,0.0,0.257351617813
1485999158973721785,1.34025084972,0.0,0.0,0.0,0.0,0.26722495079
1485999158977555066,1.34025084972,0.0,0.0,0.0,0.0,0.287030239105
1485999158981604858,1.34025084972,0.0,0.0,0.0,0.0,0.30683552742
1485999158985630379,1.38151192665,0.0,0.0,0.0,0.0,0.316738185883
1485999158994035379,1.38151192665,0.0,0.0,0.0,0.0,0.336514177322
1485999158997553296,1.38151192665,0.0,0.0,0.0,0.0,0.356319465637
1485999159001473973,1.38151192665,0.0,0.0,0.0,0.0,0.376095457077
1485999159009534025,1.38151192665,0.0,0.0,0.0,0.0,0.38599811554
1485999159013477775,1.38151192665,0.0,0.0,0.0,0.0,0.405803403854
1485999159097611056,1.38151192665,0.0,0.0,0.0,0.0,0.405803403854
1485999159109570952,1.38151192665,0.0,0.0,0.0,0.0,0.425608692169
1485999159121580275,1.38151192665,0.0,0.0,0.0,0.0,0.435482053757
1485999159129629181,1.38151192665,0.0,0.0,0.0,0.0,0.455287342072
1485999159133524493,1.38151192665,0.0,0.0,0.0,0.0,0.475092630386
1485999159138475900,1.38151192665,0.0,0.0,0.0,0.0,0.504771251678
1485999159141651525,1.38151192665,0.0,0.0,0.0,0.0,0.524576568604
1485999159146271629,1.38151192665,0.0,0.0,0.0,0.0,0.554255218506
1485999159149544962,1.38151192665,0.0,0.0,0.0,0.0,0.57406047821
1485999159153964233,1.38151192665,0.0,0.0,0.0,0.0,0.603739128113
1485999159157517618,1.38151192665,0.0,0.0,0.0,0.0,0.623544445038
1485999159161560587,1.38151192665,0.0,0.0,0.0,0.0,0.643320407867
1485999159165759910,1.38151192665,0.0,0.0,0.0,0.0,0.673028354645
1485999159169549181,1.38151192665,0.0,0.0,0.0,0.0,0.69283367157
1485999159173499285,1.38151192665,0.0,0.0,0.0,0.0,0.722512264252
1485999159177514285,1.38151192665,0.0,0.0,0.0,0.0,0.762093544006
1485999159181820014,1.38151192665,0.0,0.0,0.0,0.0,0.771996231079
1485999159185618035,1.38151192665,0.0,0.0,0.0,0.0,0.791801490784
1485999159189457566,1.38151192665,0.0,0.0,0.0,0.0,0.811577510834
1485999159193952723,1.27842032909,0.0,0.0,0.0,0.0,0.831382770538
1485999159197972566,0.783532202244,0.0,0.0,0.0,0.0,0.841285457611
1485999159201498348,-0.0,0.0,0.0,0.0,0.0,0.880866737366
1485999159205484025,-0.0,0.0,0.0,0.0,0.0,0.890769367218
1485999159209402670,-0.0,0.0,0.0,0.0,0.0,0.930350646973
1485999159213357670,-0.0,0.0,0.0,0.0,0.0,0.96
1485999159477645275,-0.0,0.0,0.0,0.0,0.0,0.890769367218
1485999159481461577,-0.0,0.0,0.0,0.0,0.0,0.841285457611
1485999159485433556,-0.0,0.0,0.0,0.0,0.0,0.791801490784
1485999159489469910,-0.0,0.0,0.0,0.0,0.0,0.722512264252
1485999159494687462,-0.0,0.0,0.0,0.0,0.0,0.643320407867
1485999159497912202,-0.0,0.0,0.0,0.0,0.0,0.544352531433
1485999159501505535,-0.0,0.0,0.0,0.0,0.0,0.435482053757
1485999159505682358,-0.0,0.0,0.0,0.0,0.0,0.336514177322
1485999159509543556,-0.0,0.0,0.0,0.0,0.0,0.26722495079
1485999159513703660,-0.0,0.0,0.0,0.0,0.0,0.168257088661
1485999159517594858,-0.0,0.0,0.0,0.0,0.0,0.0297079378366
1485999159521719441,-0.0,0.0,0.0,0.0,0.0,-0.0
1485999159613553920,0.0206305123866,0.0,0.0,0.0,0.0,-0.0
1485999159618121420,0.0412610247731,0.0,0.0,0.0,0.0,-0.0
1485999159621776837,0.0825220495462,0.0,0.0,0.0,0.0,-0.0
1485999159633570066,0.103152565658,0.0,0.0,0.0,0.0,-0.0
1485999159641722045,0.144352555275,0.0,0.0,0.0,0.0,-0.0
1485999159649571524,0.185613572598,0.0,0.0,0.0,0.0,-0.0
1485999159665645639,0.206244081259,0.0,0.0,0.0,0.0,-0.0
1485999159677616056,0.247444078326,0.0,0.0,0.0,0.0,-0.0
1485999159685521785,0.268074601889,0.0,0.0,0.0,0.0,-0.0
1485999159693789806,0.309335619211,0.0,0.0,0.0,0.0,-0.0
1485999159701493868,0.350535601377,0.0,0.0,0.0,0.0,-0.0
1485999159717669858,0.371166110039,0.0,0.0,0.0,0.0,-0.0
1485999159745750795,0.412427127361,0.0,0.0,0.0,0.0,-0.0
1485999159857627983,0.45362713933,0.0,0.0,0.0,0.0,-0.0
1485999159953625535,0.45362713933,0.0,0.0,0.0,0.0,0.0495132315159
1485999159957555743,0.45362713933,0.0,0.0,0.0,0.0,0.069289226532
1485999159961517983,0.45362713933,0.0,0.0,0.0,0.0,0.0890945148468
1485999159965514441,0.45362713933,0.0,0.0,0.0,0.0,0.0989971590042
1485999159969715587,0.45362713933,0.0,0.0,0.0,0.0,0.118773157597
1485999159978030743,0.45362713933,0.0,0.0,0.0,0.0,0.138578453064
1485999159981726212,0.45362713933,0.0,0.0,0.0,0.0,0.148481097221
1485999160021878087,0.474257647991,0.0,0.0,0.0,0.0,0.148481097221
1485999160045919910,0.515518665314,0.0,0.0,0.0,0.0,0.0989971590042
1485999160049639389,0.515518665314,0.0,0.0,0.0,0.0,0.069289226532
1485999160053443451,0.536149203777,0.0,0.0,0.0,0.0,0.0297079378366
1485999160057682826,0.536149203777,0.0,0.0,0.0,0.0,-0.0
1485999160065833868,0.577349185944,0.0,0.0,0.0,0.0,-0.0
1485999160073523035,0.618610203266,0.0,0.0,0.0,0.0,-0.0
1485999160085588503,0.639240682125,0.0,0.0,0.0,0.0,-0.0
1485999160093595847,0.680440664291,0.0,0.0,0.0,0.0,-0.0
1485999160105856837,0.701071202755,0.0,0.0,0.0,0.0,-0.0
1485999160149657722,0.742332220078,0.0,0.0,0.0,0.0,-0.0
1485999160197893920,0.783532202244,0.0,0.0,0.0,0.0,-0.0
1485999160405664805,0.804162740707,0.0,0.0,0.0,0.0,-0.0
1485999160417541420,0.84542375803,0.0,0.0,0.0,0.0,-0.0
1485999160441562722,0.866054236889,0.0,0.0,0.0,0.0,-0.0
1485999160601724389,0.783532202244,0.0,0.0,0.0,0.0,-0.0
1485999160609570378,0.742332220078,0.0,0.0,0.0,0.0,-0.0
1485999160613446785,0.701071202755,0.0,0.0,0.0,0.0,-0.0
1485999160617624441,0.680440664291,0.0,0.0,0.0,0.0,-0.0
1485999160621756420,0.639240682125,0.0,0.0,0.0,0.0,-0.0
1485999160625771368,0.618610203266,0.0,0.0,0.0,0.0,-0.0
1485999160629496003,0.577349185944,0.0,0.0,0.0,0.0,-0.0
1485999160637545066,0.536149203777,0.0,0.0,0.0,0.0,-0.0
1485999160641482670,0.515518665314,0.0,0.0,0.0,0.0,-0.0
1485999160649525118,0.474257647991,0.0,0.0,0.0,0.0,-0.0
1485999160658123035,0.45362713933,0.0,0.0,0.0,0.0,-0.0
1485999160669581264,0.412427127361,0.0,0.0,0.0,0.0,-0.0
1485999160689763399,0.371166110039,0.0,0.0,0.0,0.0,-0.0
1485999160709981368,0.350535601377,0.0,0.0,0.0,0.0,-0.0
1485999160721780847,0.309335619211,0.0,0.0,0.0,0.0,-0.0
1485999160737560222,0.268074601889,0.0,0.0,0.0,0.0,-0.0
1485999160749523972,0.247444078326,0.0,0.0,0.0,0.0,-0.0
1485999160841704962,0.350535601377,0.0,0.0,0.0,0.0,-0.0
1485999160845694128,0.371166110039,0.0,0.0,0.0,0.0,-0.0
1485999160853529337,0.412427127361,0.0,0.0,0.0,0.0,-0.0
1485999160857795795,0.45362713933,0.0,0.0,0.0,0.0,-0.0
1485999160861887670,0.474257647991,0.0,0.0,0.0,0.0,-0.0
1485999160865528920,0.515518665314,0.0,0.0,0.0,0.0,-0.0
1485999160869700066,0.536149203777,0.0,0.0,0.0,0.0,-0.0
1485999160874170691,0.577349185944,0.0,0.0,0.0,0.0,-0.0
1485999160877577722,0.618610203266,0.0,0.0,0.0,0.0,-0.0
1485999160881537462,0.680440664291,0.0,0.0,0.0,0.0,-0.0
1485999160885522878,0.701071202755,0.0,0.0,0.0,0.0,-0.0
1485999160889757878,0.742332220078,0.0,0.0,0.0,0.0,-0.0
1485999160897551524,0.783532202244,0.0,0.0,0.0,0.0,-0.0
1485999160901447930,0.804162740707,0.0,0.0,0.0,0.0,-0.0
1485999160917555639,0.84542375803,0.0,0.0,0.0,0.0,-0.0
1485999160970045118,0.742332220078,0.0,0.0,0.0,0.0,-0.0
1485999160977562618,0.701071202755,0.0,0.0,0.0,0.0,-0.0
1485999160989571003,0.680440664291,0.0,0.0,0.0,0.0,-0.0
1485999161001764389,0.639240682125,0.0,0.0,0.0,0.0,-0.0
1485999161009526316,0.618610203266,0.0,0.0,0.0,0.0,-0.0
1485999161013477097,0.577349185944,0.0,0.0,0.0,0.0,-0.0
1485999161025662930,0.536149203777,0.0,0.0,0.0,0.0,-0.0
1485999161033560951,0.515518665314,0.0,0.0,0.0,0.0,-0.0
1485999161113636784,0.618610203266,0.0,0.0,0.0,0.0,-0.0
1485999161117884076,0.680440664291,0.0,0.0,0.0,0.0,-0.0
1485999161121857461,0.701071202755,0.0,0.0,0.0,0.0,-0.0
1485999161125825118,0.783532202244,0.0,0.0,0.0,0.0,-0.0
1485999161129651889,0.84542375803,0.0,0.0,0.0,0.0,-0.0
1485999161133810378,0.866054236889,0.0,0.0,0.0,0.0,-0.0
1485999161137721941,0.90725427866,0.0,0.0,0.0,0.0,-0.0
1485999161141425482,1.01034581661,0.0,0.0,0.0,0.0,-0.0
1485999161145870795,1.11343729496,0.0,0.0,0.0,0.0,-0.0
1485999161149587566,1.17532885075,0.0,0.0,0.0,0.0,-0.0
1485999161153471524,1.21658980846,0.0,0.0,0.0,0.0,-0.0
1485999161157545691,1.27842032909,0.0,0.0,0.0,0.0,-0.0
1485999161161472097,1.38151192665,0.0,0.0,0.0,0.0,-0.0
1485999161165533816,1.40214240551,0.0,0.0,0.0,0.0,-0.0
1485999161169605743,1.44340348244,0.0,0.0,0.0,0.0,-0.0
1485999161174143503,1.54649496078,0.0,0.0,0.0,0.0,-0.0
1485999161177598191,1.62895596027,0.0,0.0,0.0,0.0,-0.0
1485999161181482253,1.73204743862,0.0,0.0,0.0,0.0,-0.0
1485999161185514232,1.81450855732,0.0,0.0,0.0,0.0,-0.0
1485999161189465795,1.89696955681,0.0,0.0,0.0,0.0,-0.0
1485999161193657409,1.97949159145,0.0,0.0,0.0,0.0,-0.0
1485999161197506784,2.0,0.0,0.0,0.0,0.0,-0.0
1485999161281544857,1.93823051453,0.0,0.0,0.0,0.0,-0.0
1485999161285528347,1.8763999939,0.0,0.0,0.0,0.0,-0.0
1485999161289434857,1.81450855732,0.0,0.0,0.0,0.0,-0.0
1485999161293922774,1.77330851555,0.0,0.0,0.0,0.0,-0.0
1485999161298148659,1.71141695976,0.0,0.0,0.0,0.0,-0.0
1485999161301511680,1.60832548141,0.0,0.0,0.0,0.0,-0.0
1485999161305428034,1.50523388386,0.0,0.0,0.0,0.0,-0.0
1485999161309481472,1.44340348244,0.0,0.0,0.0,0.0,-0.0
1485999161313417930,1.40214240551,0.0,0.0,0.0,0.0,-0.0
1485999161317540013,1.38151192665,0.0,0.0,0.0,0.0,-0.0
1485999161321819336,1.34025084972,0.0,0.0,0.0,0.0,-0.0
1485999161325722513,1.27842032909,0.0,0.0,0.0,0.0,-0.0
1485999161329477722,1.21658980846,0.0,0.0,0.0,0.0,-0.0
1485999161337536576,1.17532885075,0.0,0.0,0.0,0.0,-0.0
1485999161341488659,1.11343729496,0.0,0.0,0.0,0.0,-0.0
1485999161345619284,1.01034581661,0.0,0.0,0.0,0.0,-0.0
1485999161349728816,0.948515295982,0.0,0.0,0.0,0.0,-0.0
1485999161353421263,0.90725427866,0.0,0.0,0.0,0.0,-0.0
1485999161357565586,0.866054236889,0.0,0.0,0.0,0.0,-0.0
1485999161361513607,0.84542375803,0.0,0.0,0.0,0.0,-0.0
1485999161365490743,0.804162740707,0.0,0.0,0.0,0.0,-0.0
1485999161373497670,0.783532202244,0.0,0.0,0.0,0.0,-0.0
1485999161377661628,0.742332220078,0.0,0.0,0.0,0.0,-0.0
1485999161393583086,0.701071202755,0.0,0.0,0.0,0.0,-0.0
1485999161409819753,0.680440664291,0.0,0.0,0.0,0.0,-0.0
1485999161429840326,0.639240682125,0.0,0.0,0.0,0.0,-0.0
1485999161437823815,0.618610203266,0.0,0.0,0.0,0.0,-0.0
1485999161445750326,0.577349185944,0.0,0.0,0.0,0.0,-0.0
1485999161453927565,0.536149203777,0.0,0.0,0.0,0.0,-0.0
1485999161461826680,0.515518665314,0.0,0.0,0.0,0.0,-0.0
1485999161469669076,0.474257647991,0.0,0.0,0.0,0.0,-0.0
1485999161478017461,0.45362713933,0.0,0.0,0.0,0.0,-0.0
1485999161485783190,0.412427127361,0.0,0.0,0.0,0.0,-0.0
1485999161501772722,0.371166110039,0.0,0.0,0.0,0.0,-0.0
1485999161553840326,0.45362713933,0.0,0.0,0.0,0.0,-0.0
1485999161557723815,0.474257647991,0.0,0.0,0.0,0.0,-0.0
1485999161562132618,0.536149203777,0.0,0.0,0.0,0.0,-0.0
1485999161565580430,0.618610203266,0.0,0.0,0.0,0.0,-0.0
1485999161569556368,0.701071202755,0.0,0.0,0.0,0.0,-0.0
1485999161573546732,0.783532202244,0.0,0.0,0.0,0.0,-0.0
1485999161577866420,0.866054236889,0.0,0.0,0.0,0.0,-0.0
1485999161581703190,0.948515295982,0.0,0.0,0.0,0.0,-0.0
1485999161585535170,1.03097629547,0.0,0.0,0.0,0.0,-0.0
1485999161589462565,1.17532885075,0.0,0.0,0.0,0.0,-0.0
1485999161597567982,1.21658980846,0.0,0.0,0.0,0.0,-0.0
1485999161601659284,1.29905092716,0.0,0.0,0.0,0.0,-0.0
1485999161605529128,1.38151192665,0.0,0.0,0.0,0.0,-0.0
1485999161609489701,1.40214240551,0.0,0.0,0.0,0.0,-0.0
1485999161613815534,1.46397292614,0.0,0.0,0.0,0.0,-0.0
1485999161617508972,1.60832548141,0.0,0.0,0.0,0.0,-0.0
1485999161621735117,1.73204743862,0.0,0.0,0.0,0.0,-0.0
1485999161625448190,1.81450855732,0.0,0.0,0.0,0.0,-0.0
1485999161629412826,1.89696955681,0.0,0.0,0.0,0.0,-0.0
1485999161633444128,1.97949159145,0.0,0.0,0.0,0.0,-0.0
1485999161637799857,2.0,0.0,0.0,0.0,0.0,-0.0
1485999161733563503,1.93823051453,0.0,0.0,0.0,0.0,-0.0
1485999161737545638,1.8763999939,0.0,0.0,0.0,0.0,-0.0
1485999161741516784,1.81450855732,0.0,0.0,0.0,0.0,-0.0
1485999161745604597,1.77330851555,0.0,0.0,0.0,0.0,-0.0
1485999161749612461,1.71141695976,0.0,0.0,0.0,0.0,-0.0
1485999161753385117,1.67015600204,0.0,0.0,0.0,0.0,-0.0
1485999161757547305,1.60832548141,0.0,0.0,0.0,0.0,-0.0
1485999161761456888,1.54649496078,0.0,0.0,0.0,0.0,-0.0
1485999161765485013,1.46397292614,0.0,0.0,0.0,0.0,-0.0
1485999161769420690,1.44340348244,0.0,0.0,0.0,0.0,-0.0
1485999161773467565,1.40214240551,0.0,0.0,0.0,0.0,-0.0
1485999161781568607,1.38151192665,0.0,0.0,0.0,0.0,-0.0
1485999161789487513,1.34025084972,0.0,0.0,0.0,0.0,-0.0
1485999161873569805,1.44340348244,0.0,0.0,0.0,0.0,-0.0
1485999161877895117,1.46397292614,0.0,0.0,0.0,0.0,-0.0
1485999161881539232,1.56706440449,0.0,0.0,0.0,0.0,-0.0
1485999161885560274,1.71141695976,0.0,0.0,0.0,0.0,-0.0
1485999161889474336,1.77330851555,0.0,0.0,0.0,0.0,-0.0
1485999161893914440,1.83513903618,0.0,0.0,0.0,0.0,-0.0
1485999161897650742,1.97949159145,0.0,0.0,0.0,0.0,-0.0
1485999161901559753,2.0,0.0,0.0,0.0,0.0,-0.0
1485999162057587774,1.97949159145,0.0,0.0,0.0,0.0,-0.0
1485999162061479076,1.89696955681,0.0,0.0,0.0,0.0,-0.0
1485999162065487617,1.83513903618,0.0,0.0,0.0,0.0,-0.0
1485999162069622930,1.77330851555,0.0,0.0,0.0,0.0,-0.0
1485999162073439336,1.73204743862,0.0,0.0,0.0,0.0,-0.0
1485999162077652409,1.67015600204,0.0,0.0,0.0,0.0,-0.0
1485999162085668034,1.60832548141,0.0,0.0,0.0,0.0,-0.0
1485999162089747721,1.50523388386,0.0,0.0,0.0,0.0,-0.0
1485999162093490013,1.46397292614,0.0,0.0,0.0,0.0,-0.0
1485999162097625326,1.44340348244,0.0,0.0,0.0,0.0,-0.0
1485999162109518138,1.40214240551,0.0,0.0,0.0,0.0,-0.0
1485999162282208867,1.38151192665,0.0,0.0,0.0,0.0,-0.0
1485999162293798919,1.29905092716,0.0,0.0,0.0,0.0,-0.0
1485999162297693398,1.27842032909,0.0,0.0,0.0,0.0,-0.0
1485999162301479128,1.23715937138,0.0,0.0,0.0,0.0,-0.0
1485999162305625846,1.21658980846,0.0,0.0,0.0,0.0,-0.0
1485999162309439805,1.17532885075,0.0,0.0,0.0,0.0,-0.0
1485999162313506888,1.13406777382,0.0,0.0,0.0,0.0,-0.0
1485999162317625378,1.11343729496,0.0,0.0,0.0,0.0,-0.0
1485999162321866888,1.03097629547,0.0,0.0,0.0,0.0,-0.0
1485999162326010898,0.969145774841,0.0,0.0,0.0,0.0,-0.0
1485999162329840326,0.90725427866,0.0,0.0,0.0,0.0,-0.0
1485999162337886680,0.84542375803,0.0,0.0,0.0,0.0,-0.0
1485999162346338451,0.804162740707,0.0,0.0,0.0,0.0,-0.0
1485999162357533503,0.783532202244,0.0,0.0,0.0,0.0,-0.0
1485999162401536888,0.866054236889,0.0,0.0,0.0,0.0,-0.0
1485999162405481888,0.90725427866,0.0,0.0,0.0,0.0,-0.0
1485999162413521576,0.969145774841,0.0,0.0,0.0,0.0,-0.0
1485999162421469232,1.11343729496,0.0,0.0,0.0,0.0,-0.0
1485999162429489701,1.13406777382,0.0,0.0,0.0,0.0,-0.0
1485999162437499180,1.29905092716,0.0,0.0,0.0,0.0,-0.0
1485999162441480273,1.38151192665,0.0,0.0,0.0,0.0,-0.0
1485999162445815951,1.40214240551,0.0,0.0,0.0,0.0,-0.0
1485999162449536680,1.44340348244,0.0,0.0,0.0,0.0,-0.0
1485999162453503711,1.56706440449,0.0,0.0,0.0,0.0,-0.0
1485999162457437148,1.71141695976,0.0,0.0,0.0,0.0,-0.0
1485999162461467096,1.77330851555,0.0,0.0,0.0,0.0,-0.0
1485999162465506159,1.83513903618,0.0,0.0,0.0,0.0,-0.0
1485999162469601992,1.89696955681,0.0,0.0,0.0,0.0,-0.0
1485999162473512982,2.0,0.0,0.0,0.0,0.0,-0.0
1485999162617683242,1.97949159145,0.0,0.0,0.0,0.0,-0.0
1485999162621534388,1.89696955681,0.0,0.0,0.0,0.0,-0.0
1485999162625651263,1.83513903618,0.0,0.0,0.0,0.0,-0.0
1485999162629407878,1.77330851555,0.0,0.0,0.0,0.0,-0.0
1485999162633391575,1.71141695976,0.0,0.0,0.0,0.0,-0.0
1485999162637425794,1.56706440449,0.0,0.0,0.0,0.0,-0.0
1485999162641475117,1.46397292614,0.0,0.0,0.0,0.0,-0.0
1485999162645648867,1.40214240551,0.0,0.0,0.0,0.0,-0.0
1485999162649621471,1.38151192665,0.0,0.0,0.0,0.0,-0.0
1485999162653461159,1.34025084972,0.0,0.0,0.0,0.0,-0.0
1485999162657461419,1.27842032909,0.0,0.0,0.0,0.0,-0.0
1485999162661755273,1.21658980846,0.0,0.0,0.0,0.0,-0.0
1485999162665517200,1.17532885075,0.0,0.0,0.0,0.0,-0.0
1485999162669921419,1.13406777382,0.0,0.0,0.0,0.0,-0.0
1485999162673632773,1.03097629547,0.0,0.0,0.0,0.0,-0.0
1485999162677453034,0.948515295982,0.0,0.0,0.0,0.0,-0.0
1485999162681467253,0.90725427866,0.0,0.0,0.0,0.0,-0.0
1485999162685542773,0.84542375803,0.0,0.0,0.0,0.0,-0.0
1485999162689524961,0.804162740707,0.0,0.0,0.0,0.0,-0.0
1485999162694166159,0.742332220078,0.0,0.0,0.0,0.0,-0.0
1485999162699385534,0.680440664291,0.0,0.0,0.0,0.0,-0.0
1485999162701593242,0.639240682125,0.0,0.0,0.0,0.0,-0.0
1485999162705936471,0.536149203777,0.0,0.0,0.0,0.0,-0.0
1485999162709818450,0.515518665314,0.0,0.0,0.0,0.0,-0.0
1485999162713734127,0.474257647991,0.0,0.0,0.0,0.0,-0.0
1485999162717578659,0.412427127361,0.0,0.0,0.0,0.0,-0.0
1485999162722008034,0.371166110039,0.0,0.0,0.0,0.0,-0.0
1485999162725712565,0.350535601377,0.0,0.0,0.0,0.0,-0.0
1485999162729557669,0.309335619211,0.0,0.0,0.0,0.0,-0.0
1485999162733507096,0.268074601889,0.0,0.0,0.0,0.0,-0.0
1485999162737465638,0.247444078326,0.0,0.0,0.0,0.0,-0.0
1485999162741534961,0.206244081259,0.0,0.0,0.0,0.0,-0.0
1485999162745560325,0.185613572598,0.0,0.0,0.0,0.0,-0.0
1485999162753498190,0.144352555275,0.0,0.0,0.0,0.0,-0.0
1485999162765531784,0.103152565658,0.0,0.0,0.0,0.0,-0.0
1485999162781575117,0.0825220495462,0.0,0.0,0.0,0.0,-0.0
1485999162841874492,0.185613572598,0.0,0.0,0.0,0.0,-0.0
1485999162853536575,0.206244081259,0.0,0.0,0.0,0.0,-0.0
1485999162857519596,0.247444078326,0.0,0.0,0.0,0.0,-0.0
1485999162861729857,0.268074601889,0.0,0.0,0.0,0.0,-0.0
1485999162865431055,0.309335619211,0.0,0.0,0.0,0.0,-0.0
1485999162869427200,0.350535601377,0.0,0.0,0.0,0.0,-0.0
1485999162873498502,0.371166110039,0.0,0.0,0.0,0.0,-0.0
1485999162877876002,0.45362713933,0.0,0.0,0.0,0.0,-0.0
1485999162881482513,0.515518665314,0.0,0.0,0.0,0.0,-0.0
1485999162885569805,0.577349185944,0.0,0.0,0.0,0.0,-0.0
1485999162889565013,0.680440664291,0.0,0.0,0.0,0.0,-0.0
1485999162893983919,0.742332220078,0.0,0.0,0.0,0.0,-0.0
1485999162897699180,0.84542375803,0.0,0.0,0.0,0.0,-0.0
1485999162902059440,0.866054236889,0.0,0.0,0.0,0.0,-0.0
1485999162905586680,0.948515295982,0.0,0.0,0.0,0.0,-0.0
1485999162909777617,1.01034581661,0.0,0.0,0.0,0.0,-0.0
1485999162914031419,1.03097629547,0.0,0.0,0.0,0.0,-0.0
1485999162917501679,1.11343729496,0.0,0.0,0.0,0.0,-0.0
1485999162921446107,1.13406777382,0.0,0.0,0.0,0.0,-0.0
1485999162926390065,1.17532885075,0.0,0.0,0.0,0.0,-0.0
1485999162933575638,1.21658980846,0.0,0.0,0.0,0.0,-0.0
1485999162937461836,1.23715937138,0.0,0.0,0.0,0.0,-0.0
1485999162945565794,1.27842032909,0.0,0.0,0.0,0.0,-0.0
1485999162965584075,1.29905092716,0.0,0.0,0.0,0.0,-0.0
1485999162973643190,1.34025084972,0.0,0.0,0.0,0.0,-0.0
1485999162981884596,1.38151192665,0.0,0.0,0.0,0.0,-0.0
1485999162994193034,1.40214240551,0.0,0.0,0.0,0.0,-0.0
1485999163006197096,1.44340348244,0.0,0.0,0.0,0.0,0.0198052918911
1485999163009492461,1.44340348244,0.0,0.0,0.0,0.0,0.0495132315159
1485999163013489752,1.44340348244,0.0,0.0,0.0,0.0,0.069289226532
1485999163017479857,1.44340348244,0.0,0.0,0.0,0.0,0.0989971590042
1485999163021525846,1.46397292614,0.0,0.0,0.0,0.0,0.0989971590042
1485999163025795950,1.50523388386,0.0,0.0,0.0,0.0,0.118773157597
1485999163029444075,1.54649496078,0.0,0.0,0.0,0.0,0.138578453064
1485999163033374700,1.60832548141,0.0,0.0,0.0,0.0,0.168257088661
1485999163037471159,1.60832548141,0.0,0.0,0.0,0.0,0.188062376976
1485999163041446836,1.67015600204,0.0,0.0,0.0,0.0,0.188062376976
1485999163045430586,1.71141695976,0.0,0.0,0.0,0.0,0.207867665291
1485999163049466523,1.73204743862,0.0,0.0,0.0,0.0,0.207867665291
1485999163053439492,1.73204743862,0.0,0.0,0.0,0.0,0.217741026878
1485999163057476367,1.81450855732,0.0,0.0,0.0,0.0,0.217741026878
1485999163065568398,1.83513903618,0.0,0.0,0.0,0.0,0.217741026878
1485999163069424961,1.8763999939,0.0,0.0,0.0,0.0,0.217741026878
1485999163073491627,1.89696955681,0.0,0.0,0.0,0.0,0.237546315193
1485999163077509336,1.93823051453,0.0,0.0,0.0,0.0,0.237546315193
1485999163081470586,1.97949159145,0.0,0.0,0.0,0.0,0.237546315193
1485999163089509179,2.0,0.0,0.0,0.0,0.0,0.237546315193
1485999163177547409,2.0,0.0,0.0,0.0,0.0,0.188062376976
1485999163186091784,2.0,0.0,0.0,0.0,0.0,0.168257088661
1485999163189484752,2.0,0.0,0.0,0.0,0.0,0.138578453064
1485999163193457513,2.0,0.0,0.0,0.0,0.0,0.118773157597
1485999163197972356,2.0,0.0,0.0,0.0,0.0,0.0890945148468
1485999163202957929,2.0,0.0,0.0,0.0,0.0,0.0495132315159
1485999163206686471,2.0,0.0,0.0,0.0,0.0,-0.0
1485999163217613190,1.97949159145,0.0,0.0,0.0,0.0,-0.0
1485999163221513919,1.93823051453,0.0,0.0,0.0,0.0,-0.0
1485999163225703867,1.8763999939,0.0,0.0,0.0,0.0,-0.0
1485999163229461367,1.83513903618,0.0,0.0,0.0,0.0,-0.0
1485999163237714700,1.81450855732,0.0,0.0,0.0,0.0,-0.0
1485999163248087877,1.77330851555,0.0,0.0,0.0,0.0,-0.0
1485999163250108919,1.73204743862,0.0,0.0,0.0,0.0,-0.0
1485999163257861471,1.71141695976,0.0,0.0,0.0,0.0,-0.0
1485999163389594752,1.67015600204,0.0,0.0,0.0,0.0,-0.0
1485999163397498190,1.62895596027,0.0,0.0,0.0,0.0,-0.0
1485999163401523919,1.60832548141,0.0,0.0,0.0,0.0,-0.0
1485999163405492825,1.54649496078,0.0,0.0,0.0,0.0,-0.0
1485999163409480742,1.46397292614,0.0,0.0,0.0,0.0,-0.0
1485999163413444700,1.44340348244,0.0,0.0,0.0,0.0,-0.0
1485999163417468398,1.40214240551,0.0,0.0,0.0,0.0,-0.0
1485999163421502408,1.38151192665,0.0,0.0,0.0,0.0,-0.0
1485999163425572565,1.34025084972,0.0,0.0,0.0,0.0,-0.0
1485999163433506158,1.27842032909,0.0,0.0,0.0,0.0,-0.0
1485999163437669492,1.21658980846,0.0,0.0,0.0,0.0,-0.0
1485999163441481211,1.17532885075,0.0,0.0,0.0,0.0,-0.0
1485999163445589700,1.13406777382,0.0,0.0,0.0,0.0,-0.0
1485999163449616419,1.11343729496,0.0,0.0,0.0,0.0,-0.0
1485999163453734648,1.01034581661,0.0,0.0,0.0,0.0,-0.0
1485999163457468763,0.90725427866,0.0,0.0,0.0,0.0,-0.0
1485999163461691002,0.866054236889,0.0,0.0,0.0,0.0,-0.0
1485999163465608763,0.84542375803,0.0,0.0,0.0,0.0,-0.0
1485999163469537304,0.783532202244,0.0,0.0,0.0,0.0,-0.0
1485999163473525690,0.701071202755,0.0,0.0,0.0,0.0,-0.0
1485999163477544075,0.680440664291,0.0,0.0,0.0,0.0,-0.0
1485999163481544752,0.639240682125,0.0,0.0,0.0,0.0,-0.0
1485999163485540013,0.577349185944,0.0,0.0,0.0,0.0,-0.0
1485999163489555013,0.536149203777,0.0,0.0,0.0,0.0,-0.0
1485999163529643346,0.618610203266,0.0,0.0,0.0,0.0,-0.0
1485999163533861263,0.639240682125,0.0,0.0,0.0,0.0,-0.0
1485999163537522565,0.680440664291,0.0,0.0,0.0,0.0,-0.0
1485999163546055794,0.742332220078,0.0,0.0,0.0,0.0,-0.0
1485999163549566679,0.804162740707,0.0,0.0,0.0,0.0,-0.0
1485999163553567877,0.866054236889,0.0,0.0,0.0,0.0,-0.0
1485999163557557721,0.948515295982,0.0,0.0,0.0,0.0,-0.0
1485999163561495742,1.01034581661,0.0,0.0,0.0,0.0,-0.0
1485999163565441627,1.11343729496,0.0,0.0,0.0,0.0,-0.0
1485999163569540690,1.17532885075,0.0,0.0,0.0,0.0,-0.0
1485999163573564960,1.27842032909,0.0,0.0,0.0,0.0,-0.0
1485999163577686419,1.34025084972,0.0,0.0,0.0,0.0,-0.0
1485999163581524492,1.40214240551,0.0,0.0,0.0,0.0,-0.0
1485999163585506575,1.44340348244,0.0,0.0,0.0,0.0,-0.0
1485999163589492669,1.60832548141,0.0,0.0,0.0,0.0,-0.0
1485999163593547200,1.77330851555,0.0,0.0,0.0,0.0,-0.0
1485999163597635117,1.8763999939,0.0,0.0,0.0,0.0,-0.0
1485999163601645742,2.0,0.0,0.0,0.0,0.0,-0.0
1485999163769862304,1.97949159145,0.0,0.0,0.0,0.0,-0.0
1485999163773711367,1.8763999939,0.0,0.0,0.0,0.0,-0.0
1485999163777998710,1.81450855732,0.0,0.0,0.0,0.0,-0.0
1485999163781503190,1.71141695976,0.0,0.0,0.0,0.0,-0.0
1485999163785492044,1.56706440449,0.0,0.0,0.0,0.0,-0.0
1485999163789563085,1.46397292614,0.0,0.0,0.0,0.0,-0.0
1485999163793573554,1.40214240551,0.0,0.0,0.0,0.0,-0.0
1485999163798984492,1.38151192665,0.0,0.0,0.0,0.0,-0.0
1485999163805634908,1.34025084972,0.0,0.0,0.0,0.0,-0.0
1485999163809472200,1.29905092716,0.0,0.0,0.0,0.0,-0.0
1485999163813467044,1.27842032909,0.0,0.0,0.0,0.0,-0.0
1485999163817532512,1.23715937138,0.0,0.0,0.0,0.0,-0.0
1485999163821535065,1.21658980846,0.0,0.0,0.0,0.0,-0.0
1485999163841714179,1.17532885075,0.0,0.0,0.0,0.0,-0.0
1485999163926219856,1.27842032909,0.0,0.0,0.0,0.0,-0.0
1485999163929734492,1.29905092716,0.0,0.0,0.0,0.0,-0.0
1485999163933542200,1.34025084972,0.0,0.0,0.0,0.0,-0.0
1485999163937632148,1.38151192665,0.0,0.0,0.0,0.0,-0.0
1485999163941558085,1.40214240551,0.0,0.0,0.0,0.0,-0.0
1485999163945865221,1.44340348244,0.0,0.0,0.0,0.0,-0.0
1485999163949694960,1.46397292614,0.0,0.0,0.0,0.0,-0.0
1485999163953828294,1.56706440449,0.0,0.0,0.0,0.0,-0.0
1485999163958138294,1.67015600204,0.0,0.0,0.0,0.0,-0.0
1485999163961730117,1.73204743862,0.0,0.0,0.0,0.0,0.0297079378366
1485999163965720117,1.81450855732,0.0,0.0,0.0,0.0,0.069289226532
1485999163969702773,1.8763999939,0.0,0.0,0.0,0.0,0.0890945148468
1485999163973633033,1.93823051453,0.0,0.0,0.0,0.0,0.0989971590042
1485999163978522200,2.0,0.0,0.0,0.0,0.0,0.118773157597
1485999163981656783,2.0,0.0,0.0,0.0,0.0,0.148481097221
1485999163985796419,2.0,0.0,0.0,0.0,0.0,0.168257088661
1485999163993489127,2.0,0.0,0.0,0.0,0.0,0.207867665291
1485999163997644075,2.0,0.0,0.0,0.0,0.0,0.257351617813
1485999164001470794,2.0,0.0,0.0,0.0,0.0,0.287030239105
1485999164005466679,2.0,0.0,0.0,0.0,0.0,0.30683552742
1485999164009384231,2.0,0.0,0.0,0.0,0.0,0.316738185883
1485999164013384335,2.0,0.0,0.0,0.0,0.0,0.356319465637
1485999164017505846,2.0,0.0,0.0,0.0,0.0,0.405803403854
1485999164021464596,2.0,0.0,0.0,0.0,0.0,0.455287342072
1485999164025536835,2.0,0.0,0.0,0.0,0.0,0.504771251678
1485999164029422200,2.0,0.0,0.0,0.0,0.0,0.57406047821
1485999164033738033,2.0,0.0,0.0,0.0,0.0,0.623544445038
1485999164037788658,2.0,0.0,0.0,0.0,0.0,0.69283367157
1485999164041784544,2.0,0.0,0.0,0.0,0.0,0.742317581177
1485999164045635794,2.0,0.0,0.0,0.0,0.0,0.791801490784
1485999164049726054,2.0,0.0,0.0,0.0,0.0,0.841285457611
1485999164053527252,2.0,0.0,0.0,0.0,0.0,0.890769367218
1485999164058025533,2.0,0.0,0.0,0.0,0.0,0.96
1485999164369870637,1.93823051453,0.0,0.0,0.0,0.0,0.96
1485999164373642616,1.21658980846,0.0,0.0,0.0,0.0,0.96
1485999164377770012,0.0825220495462,0.0,0.0,0.0,0.0,0.96
1485999164381551627,-0.0205694753677,0.0,0.0,0.0,0.0,0.96
1485999164385478085,-0.0,0.0,0.0,0.0,0.0,0.96
1485999164457561575,-0.0,0.0,0.0,0.0,0.0,0.623544445038
1485999164461424075,-0.0,0.0,0.0,0.0,0.0,-0.0
1485999164465513554,-0.0,0.0,0.0,0.0,0.0,-0.475063333511
1485999164469615585,-0.0,0.0,0.0,0.0,0.0,-0.267195653915
1485999164473475325,-0.0,0.0,0.0,0.0,0.0,0.069289226532
1485999164477560273,-0.0,0.0,0.0,0.0,0.0,0.257351617813
1485999164481780741,-0.0,0.0,0.0,0.0,0.0,-0.0
1485999165470000533,-0.08246101439,0.0,0.0,0.0,0.0,-0.0
1485999165473887043,-0.16492202878,0.0,0.0,0.0,0.0,-0.0
1485999165477820481,-0.26801353693,0.0,0.0,0.0,0.0,-0.0
1485999165481749647,-0.371105074883,0.0,0.0,0.0,0.0,-0.0
1485999165489645897,-0.494827121496,0.0,0.0,0.0,0.0,-0.0
1485999165493564074,-0.577288150787,0.0,0.0,0.0,0.0,-0.0
1485999165497581887,-0.783471167088,0.0,0.0,0.0,0.0,-0.0494839310646
1485999165501785064,-0.927823722363,0.0,0.0,0.0,0.0,-0.0989678621292
1485999165505987616,-1.25772881508,0.0,0.0,0.0,0.0,-0.138549156189
1485999165509610689,-1.54643392563,0.0,0.0,0.0,0.0,-0.237517018318
1485999165513835793,-1.7938169241,0.0,0.0,0.0,0.0,-0.316708889008
1485999165517562460,-2.0,0.0,0.0,0.0,0.0,-0.395871448517
1485999165521509179,-2.0,0.0,0.0,0.0,0.0,-0.445355386734
1485999165525523762,-2.0,0.0,0.0,0.0,0.0,-0.504741954803
1485999165529515533,-2.0,0.0,0.0,0.0,0.0,-0.554225921631
1485999165533481887,-2.0,0.0,0.0,0.0,0.0,-0.593807201385
1485999165537575637,-2.0,0.0,0.0,0.0,0.0,-0.653193740845
1485999165541606366,-2.0,0.0,0.0,0.0,0.0,-0.712580337524
1485999165545592616,-2.0,0.0,0.0,0.0,0.0,-0.762064247131
1485999165549639022,-2.0,0.0,0.0,0.0,0.0,-0.811548213959
1485999165554004751,-2.0,0.0,0.0,0.0,0.0,-0.841256160736
1485999165557568293,-2.0,0.0,0.0,0.0,0.0,-0.910516090393
1485999165561678345,-2.0,0.0,0.0,0.0,0.0,-0.96
1485999165614311470,-2.0,0.0,0.0,0.0,0.0,-0.96
1485999165617729699,-2.0,0.0,0.0,0.0,0.0,-0.96
1485999165625886053,-2.0,0.0,0.0,0.0,0.0,-0.96
1485999165633943866,-2.0,0.0,0.0,0.0,0.0,-0.96
1485999165654115428,-2.0,0.0,0.0,0.0,0.0,-0.96
1485999165981701730,-2.0,0.0,0.0,0.0,0.0,-0.96
1485999166002075376,-1.95879995823,0.0,0.0,0.0,0.0,-0.96
1485999166005960064,-1.77324748039,0.0,0.0,0.0,0.0,-0.96
1485999166009619543,-1.44334232807,0.0,0.0,0.0,0.0,-0.96
1485999166013590793,-0.432996600866,0.0,0.0,0.0,0.0,-0.96
1485999166017644335,-0.0,0.0,0.0,0.0,0.0,-0.96
1485999166021541782,0.185613572598,0.0,0.0,0.0,0.0,-0.96
1485999166025730845,-0.0,0.0,0.0,0.0,0.0,-0.96
1485999166049577980,-0.0,0.0,0.0,0.0,0.0,-0.94022397995
1485999166053690532,-0.0,0.0,0.0,0.0,0.0,-0.920418720245
1485999166065976782,-0.0,0.0,0.0,0.0,0.0,-0.910516090393
1485999166089614543,-0.0,0.0,0.0,0.0,0.0,-0.910516090393
1485999166141550324,-0.0,0.0,0.0,0.0,0.0,-0.96
1485999166189528918,-0.103091523051,0.0,0.0,0.0,0.0,-0.96
1485999166193506782,-0.26801353693,0.0,0.0,0.0,0.0,-0.96
1485999166197643605,-0.371105074883,0.0,0.0,0.0,0.0,-0.96
1485999166201878189,-0.453566074371,0.0,0.0,0.0,0.0,-0.96
1485999166209562407,-0.721640646458,0.0,0.0,0.0,0.0,-0.96
1485999166213790064,-0.865993201733,0.0,0.0,0.0,0.0,-0.96
1485999166217557407,-1.01028478146,0.0,0.0,0.0,0.0,-0.96
1485999166221622043,-1.31962037086,0.0,0.0,0.0,0.0,-0.96
1485999166225561053,-1.54643392563,0.0,0.0,0.0,0.0,-0.96
1485999166229575064,-1.73198640347,0.0,0.0,0.0,0.0,-0.96
1485999166233851209,-1.91753900051,0.0,0.0,0.0,0.0,-0.96
1485999166237601522,-2.0,0.0,0.0,0.0,0.0,-0.96
1485999167829883188,-2.0,0.0,0.0,0.0,0.0,-0.890740070343
1485999167833650063,-1.85570847988,0.0,0.0,0.0,0.0,-0.811548213959
1485999167837620688,-1.71135592461,0.0,0.0,0.0,0.0,-0.752161617279
1485999167841583813,-1.54643392563,0.0,0.0,0.0,0.0,-0.633417778015
1485999167849803240,-1.25772881508,0.0,0.0,0.0,0.0,-0.524547271729
1485999167854208917,-1.0928068161,0.0,0.0,0.0,0.0,-0.465160675049
1485999167857880948,-1.01028478146,0.0,0.0,0.0,0.0,-0.415676736832
1485999167861569646,-0.927823722363,0.0,0.0,0.0,0.0,-0.316708889008
1485999167865875167,-0.907193183899,0.0,0.0,0.0,0.0,-0.237517018318
1485999167869657928,-0.865993201733,0.0,0.0,0.0,0.0,-0.158354444504
1485999167873633813,-0.865993201733,0.0,0.0,0.0,0.0,-0.0989678621292
1485999167877674282,-0.865993201733,0.0,0.0,0.0,0.0,-0.0494839310646
1485999167881632303,-0.845362722874,0.0,0.0,0.0,0.0,-0.0
1485999167886379542,-0.804101705551,0.0,0.0,0.0,0.0,-0.0
1485999167889593032,-0.783471167088,0.0,0.0,0.0,0.0,-0.0
1485999167894105376,-0.742271184921,0.0,0.0,0.0,0.0,-0.0
1485999167897768709,-0.721640646458,0.0,0.0,0.0,0.0,-0.0
1485999167901587198,-0.659810185432,0.0,0.0,0.0,0.0,-0.0
1485999167906309282,-0.577288150787,0.0,0.0,0.0,0.0,-0.0
1485999167909693084,-0.515457630157,0.0,0.0,0.0,0.0,-0.0
1485999167913636001,-0.494827121496,0.0,0.0,0.0,0.0,-0.0
1485999167925916834,-0.453566074371,0.0,0.0,0.0,0.0,-0.0
1485999167946207875,-0.556657612324,0.0,0.0,0.0,0.0,-0.0
1485999167949668657,-0.659810185432,0.0,0.0,0.0,0.0,-0.0
1485999167954135740,-0.742271184921,0.0,0.0,0.0,0.0,-0.0
1485999167957692146,-0.865993201733,0.0,0.0,0.0,0.0,-0.0
1485999167961564230,-1.03091526031,0.0,0.0,0.0,0.0,-0.0
1485999167965962146,-1.31962037086,0.0,0.0,0.0,0.0,-0.0
1485999167969615115,-1.5051728487,0.0,0.0,0.0,0.0,-0.0
1485999167973712875,-1.62889492512,0.0,0.0,0.0,0.0,-0.0
1485999167977741105,-1.7938169241,0.0,0.0,0.0,0.0,-0.0
1485999167981538553,-1.89690852165,0.0,0.0,0.0,0.0,-0.0
1485999167985822407,-2.0,0.0,0.0,0.0,0.0,-0.0
1485999167989536521,-2.0,0.0,0.0,0.0,0.0,-0.0
1485999167993479907,-2.0,0.0,0.0,0.0,0.0,-0.0
1485999168026224959,-2.0,0.0,0.0,0.0,0.0,-0.0
1485999168033537355,-2.0,0.0,0.0,0.0,0.0,-0.0
1485999168037618865,-2.0,0.0,0.0,0.0,0.0,-0.0
1485999168041489594,-2.0,0.0,0.0,0.0,0.0,-0.0
1485999168045898605,-2.0,0.0,0.0,0.0,0.0,-0.0
1485999168066112146,-2.0,0.0,0.0,0.0,0.0,-0.0197759950161
1485999168069661157,-2.0,0.0,0.0,0.0,0.0,-0.0791625738144
1485999168073544907,-2.0,0.0,0.0,0.0,0.0,-0.108841209412
1485999168078035115,-2.0,0.0,0.0,0.0,0.0,-0.207838368416
1485999168081802615,-2.0,0.0,0.0,0.0,0.0,-0.306806230545
1485999168086251782,-2.0,0.0,0.0,0.0,0.0,-0.415676736832
1485999168089894334,-2.0,0.0,0.0,0.0,0.0,-0.494839324951
1485999168094049907,-2.0,0.0,0.0,0.0,0.0,-0.574031181335
1485999168097756053,-2.0,0.0,0.0,0.0,0.0,-0.653193740845
1485999168101766105,-2.0,0.0,0.0,0.0,0.0,-0.752161617279
1485999168105939907,-2.0,0.0,0.0,0.0,0.0,-0.831353473663
1485999168109887667,-2.0,0.0,0.0,0.0,0.0,-0.910516090393
1485999168113853344,-2.0,0.0,0.0,0.0,0.0,-0.96
1485999168385890948,-1.85570847988,0.0,0.0,0.0,0.0,-0.96
1485999168389522407,-1.60826444626,0.0,0.0,0.0,0.0,-0.96
1485999168393531261,-1.31962037086,0.0,0.0,0.0,0.0,-0.96
1485999168397521834,-0.865993201733,0.0,0.0,0.0,0.0,-0.96
1485999168401427875,-0.515457630157,0.0,0.0,0.0,0.0,-0.96
1485999168405870688,-0.329905092716,0.0,0.0,0.0,0.0,-0.96
1485999168409598188,-0.0,0.0,0.0,0.0,0.0,-0.96
1485999168417622511,-0.0,0.0,0.0,0.0,0.0,-0.910516090393
1485999168421775167,-0.0,0.0,0.0,0.0,0.0,-0.841256160736
1485999168426167459,-0.0,0.0,0.0,0.0,0.0,-0.791772193909
1485999168430923761,-0.0,0.0,0.0,0.0,0.0,-0.732385654449
1485999168433960636,-0.0,0.0,0.0,0.0,0.0,-0.544323234558
1485999168437717667,-0.0,0.0,0.0,0.0,0.0,-0.28700094223
1485999168441757302,-0.0,0.0,0.0,0.0,0.0,-0.0296786409616
1485999168445696052,-0.0,0.0,0.0,0.0,0.0,-0.0
