   1.1350000e+00   6.0000000e-02
   1.2310000e+00   1.2800000e-01
   1.3000000e+00   1.5400000e-01
   1.3590000e+00   2.2900000e-01
   1.4150000e+00   2.7200000e-01
   1.4570000e+00   3.0700000e-01
   1.5190000e+00   3.0800000e-01
   1.5670000e+00   2.9500000e-01
   1.7300000e+00   2.8100000e-01
   1.7510000e+00   2.5100000e-01
   1.7840000e+00   1.8400000e-01
   1.8470000e+00   1.5100000e-01
   1.9190000e+00   1.0600000e-01
   1.9900000e+00   9.0000000e-02
   2.0480000e+00   9.2000000e-02
   2.1190000e+00   7.3000000e-02
   2.1930000e+00   3.2000000e-02
   2.2560000e+00   3.0000000e-03
   2.3180000e+00  -6.0000000e-03
   2.3760000e+00  -4.5000000e-02
   2.4260000e+00  -7.6000000e-02
   2.4630000e+00  -1.2000000e-01
   2.5050000e+00  -1.6100000e-01
   2.5430000e+00  -1.9700000e-01
   2.5760000e+00  -2.2400000e-01
   2.5990000e+00  -2.4200000e-01
   2.6200000e+00  -2.4900000e-01
   2.6320000e+00  -2.4700000e-01
   2.6600000e+00  -2.3600000e-01
   2.6860000e+00  -2.1700000e-01
   2.7170000e+00  -1.9200000e-01
   2.7410000e+00  -1.6100000e-01
   2.7780000e+00  -1.3300000e-01
   2.8200000e+00  -1.0700000e-01
   2.8620000e+00  -8.3000000e-02
   2.8990000e+00  -6.7000000e-02
   2.9210000e+00  -4.8000000e-02
   2.9600000e+00  -1.6000000e-02
   2.9960000e+00  -9.0000000e-03
   3.0310000e+00  -1.5000000e-02
   3.0670000e+00  -3.5000000e-02
   3.1010000e+00  -1.4000000e-02
   3.1320000e+00  -3.0000000e-03
   3.1630000e+00   1.0000000e-02
   3.1940000e+00   2.2000000e-02
   3.2220000e+00   3.4000000e-02
   3.2500000e+00   3.8000000e-02
   3.2700000e+00   3.2000000e-02
   3.2780000e+00   2.0000000e-02
   3.2770000e+00   1.1000000e-02
   3.2790000e+00   9.0000000e-03
   3.2620000e+00   1.1000000e-02
   3.1930000e+00   1.4000000e-02
   3.0300000e+00   1.4000000e-02
   2.7390000e+00   1.4000000e-02
   2.4200000e+00   1.6000000e-02
   2.1740000e+00   1.5000000e-02
   1.9630000e+00   2.0000000e-02
   1.7830000e+00   1.9000000e-02
   1.6270000e+00   1.7000000e-02
   1.4890000e+00  -3.0000000e-03
   1.3530000e+00  -1.4000000e-02
   1.2370000e+00  -1.6000000e-02
   1.1350000e+00  -1.7000000e-02
   1.0450000e+00  -1.7000000e-02
   9.7600000e-01  -1.7000000e-02
   9.1800000e-01  -1.6000000e-02
   8.7100000e-01  -1.2000000e-02
   8.3600000e-01  -6.0000000e-03
   8.1600000e-01  -1.4000000e-02
   8.0700000e-01  -4.0000000e-03
   8.0200000e-01   1.1000000e-02
   8.0000000e-01   1.1000000e-02
   7.8700000e-01   7.0000000e-03
   7.5900000e-01  -4.9000000e-02
   7.2200000e-01  -4.7000000e-02
   6.9200000e-01  -2.8000000e-02
   6.6400000e-01  -2.9000000e-02
   6.3600000e-01  -7.9000000e-02
   6.2800000e-01  -1.4200000e-01
   6.4500000e-01  -1.0000000e-02
   6.6100000e-01   6.4000000e-02
   6.7500000e-01   1.0300000e-01
   7.1100000e-01   1.1700000e-01
   7.4800000e-01   1.2100000e-01
   7.3100000e-01   1.2400000e-01
   7.4400000e-01   1.0000000e-01
   7.9100000e-01   5.1000000e-02
   7.8800000e-01   3.0000000e-03
   7.6200000e-01  -3.1000000e-02
   7.5500000e-01  -5.0000000e-02
   7.8000000e-01  -6.3000000e-02
   7.9400000e-01  -1.3500000e-01
   7.8900000e-01   2.1000000e-02
   7.8300000e-01   8.0000000e-02
   8.0900000e-01   7.7000000e-02
   8.4500000e-01   3.9000000e-02
   8.7800000e-01   4.4000000e-02
   8.9300000e-01   5.2000000e-02
   8.7500000e-01   4.5000000e-02
   8.3900000e-01   5.8000000e-02
   7.9200000e-01  -1.9000000e-02
   7.4800000e-01  -2.0000000e-02
   6.9300000e-01  -5.3000000e-02
   6.7200000e-01  -8.6000000e-02
   6.1600000e-01  -1.4200000e-01
   6.7900000e-01  -1.6300000e-01
   6.1500000e-01  -1.5600000e-01
   6.0000000e-01  -1.9000000e-01
   5.2400000e-01  -2.5700000e-01
   4.8800000e-01  -2.2800000e-01
   4.6500000e-01  -1.1900000e-01
   4.4200000e-01  -1.5300000e-01
   4.6400000e-01  -1.4400000e-01
   5.1600000e-01  -1.2800000e-01
   5.7900000e-01   3.2000000e-02
   6.2800000e-01   1.7500000e-01
   6.2600000e-01   3.5100000e-01
   7.2000000e-01   3.1000000e-01
   5.4000000e-01   5.1800000e-01
   3.6300000e-01   4.2600000e-01
   2.9600000e-01   4.4400000e-01
   2.7300000e-01   6.2500000e-01
   2.8600000e-01   2.8900000e-01
   2.2000000e-01   2.7000000e-02
   1.6700000e-01  -2.4100000e-01
   1.2500000e-01  -4.6900000e-01
   2.1100000e-01  -6.2800000e-01
   2.8600000e-01  -6.8000000e-01
   2.5300000e-01  -6.4200000e-01
   2.1400000e-01  -5.4600000e-01
   1.3200000e-01  -4.3500000e-01
   1.1100000e-01  -3.4100000e-01
   9.6000000e-02  -2.0200000e-01
   2.2800000e-01  -3.4000000e-01
   1.3000000e-02  -6.1000000e-01
   2.7200000e-01  -6.8000000e-01
   2.0000000e-03  -6.8000000e-01
   1.8000000e-02  -6.7600000e-01
   1.7000000e-02  -6.6700000e-01
   0.0000000e+00  -6.7600000e-01
   4.0000000e-03  -6.7100000e-01
   2.9000000e-02  -6.7400000e-01
   0.0000000e+00  -6.7400000e-01
   3.7000000e-02  -6.3800000e-01
   2.9800000e-01  -6.4500000e-01
   4.0000000e-01  -6.7900000e-01
   4.1000000e-01  -6.4900000e-01
   5.0000000e-01  -5.6300000e-01
   3.2000000e-02   6.6500000e-01
