   2.1510000e+00   9.8000000e-02
   2.2360000e+00   1.6800000e-01
   2.3070000e+00   2.0900000e-01
   2.3650000e+00   2.2700000e-01
   2.4180000e+00   2.3000000e-01
   2.4750000e+00   2.2700000e-01
   2.5280000e+00   2.1500000e-01
   2.5320000e+00   1.9700000e-01
   2.6120000e+00   1.7300000e-01
   2.6530000e+00   1.0700000e-01
   2.7320000e+00   7.0000000e-02
   2.8370000e+00   4.8000000e-02
   2.8330000e+00   1.0000000e-03
   2.8710000e+00  -5.3000000e-02
   2.9170000e+00  -8.6000000e-02
   2.9650000e+00  -1.4100000e-01
   2.9990000e+00  -1.7200000e-01
   3.0440000e+00  -1.6400000e-01
   3.0830000e+00  -2.0200000e-01
   3.0840000e+00  -1.7500000e-01
   3.0740000e+00  -1.9200000e-01
   3.0720000e+00  -1.8400000e-01
   3.0720000e+00  -2.4200000e-01
   3.0680000e+00  -2.7700000e-01
   3.0840000e+00  -2.9300000e-01
   3.0800000e+00  -2.7100000e-01
   3.0750000e+00  -2.4500000e-01
   3.0890000e+00  -1.9900000e-01
   3.0880000e+00  -1.6300000e-01
   3.0820000e+00  -1.1300000e-01
   3.1010000e+00  -7.5000000e-02
   3.0970000e+00  -3.1000000e-02
   3.1020000e+00  -1.1000000e-02
   3.1070000e+00   1.6000000e-02
   3.1180000e+00   3.8000000e-02
   3.1220000e+00   3.3000000e-02
   3.1330000e+00   3.9000000e-02
   3.1210000e+00   3.5000000e-02
   3.1210000e+00   4.7000000e-02
   3.1120000e+00   4.4000000e-02
   3.1130000e+00   4.6000000e-02
   3.0880000e+00   5.8000000e-02
   3.0730000e+00   6.3000000e-02
   3.0440000e+00   5.3000000e-02
   3.0170000e+00   5.2000000e-02
   2.9690000e+00   4.7000000e-02
   2.9530000e+00   5.0000000e-02
   2.9130000e+00   4.0000000e-02
   2.8560000e+00   3.8000000e-02
   2.8220000e+00   3.0000000e-02
   2.7780000e+00   2.9000000e-02
   2.7440000e+00   3.6000000e-02
   2.6950000e+00   3.1000000e-02
   2.6610000e+00   3.2000000e-02
   2.6200000e+00   2.4000000e-02
   2.5770000e+00   2.3000000e-02
   2.5300000e+00   1.7000000e-02
   2.4760000e+00   1.9000000e-02
   2.4420000e+00   1.2000000e-02
   2.3960000e+00   1.0000000e-02
   2.3500000e+00   9.0000000e-03
   2.3160000e+00   3.1000000e-02
   2.2790000e+00   3.3000000e-02
   2.2460000e+00   1.7000000e-02
   2.2150000e+00   1.2000000e-02
   2.1780000e+00   7.0000000e-03
   2.1450000e+00  -6.0000000e-03
   2.0950000e+00   8.0000000e-03
   2.0570000e+00   1.1000000e-02
   2.0210000e+00   1.0000000e-02
   1.9920000e+00   1.5000000e-02
   1.9480000e+00   1.7000000e-02
   1.9040000e+00   1.7000000e-02
   1.8640000e+00   8.0000000e-03
   1.8220000e+00  -1.0000000e-03
   1.7960000e+00   2.9000000e-02
   1.7540000e+00   2.9000000e-02
   1.7100000e+00   2.2000000e-02
   1.6700000e+00   3.3000000e-02
   1.6210000e+00   1.5000000e-02
   1.5840000e+00   1.0000000e-03
   1.5280000e+00   2.0000000e-02
   1.4880000e+00   8.0000000e-03
   1.4170000e+00  -3.3000000e-02
   1.3710000e+00   4.0000000e-03
   1.3050000e+00  -1.7000000e-02
   1.2430000e+00  -2.0000000e-03
   1.1850000e+00  -5.0000000e-03
   1.1360000e+00  -5.0000000e-03
   1.0820000e+00  -7.0000000e-03
   1.0450000e+00  -8.0000000e-03
   9.8500000e-01  -2.0000000e-03
   9.3400000e-01   3.0000000e-03
   8.7400000e-01   1.0000000e-03
   8.2300000e-01  -2.1000000e-02
   7.4400000e-01  -2.7000000e-02
   6.8400000e-01  -2.6000000e-02
   6.2800000e-01  -3.6000000e-02
   5.8100000e-01  -2.5000000e-02
   5.3800000e-01  -2.3000000e-02
   4.8200000e-01  -9.0000000e-03
   4.4700000e-01  -2.0000000e-02
   4.1300000e-01  -2.0000000e-03
   3.7200000e-01  -4.0000000e-03
   3.2300000e-01  -2.1000000e-02
   2.8500000e-01   7.7000000e-02
   2.7500000e-01   7.9000000e-02
   2.6500000e-01   7.7000000e-02
   2.1100000e-01   1.0500000e-01
   2.1000000e-01   1.1900000e-01
   1.6900000e-01   6.3000000e-02
   1.7500000e-01   4.1000000e-02
   1.5400000e-01   3.1000000e-02
   1.7400000e-01   2.4000000e-02
   4.1000000e-02  -1.8900000e-01
   1.8200000e-01  -2.5000000e-02
   1.2000000e-02  -1.3000000e-02
   2.3000000e-02  -4.2000000e-02
   0.0000000e+00  -1.3000000e-01
   2.2000000e-02  -1.1000000e-02
   0.0000000e+00  -1.0800000e-01
   0.0000000e+00  -3.0000000e-03
   4.1000000e-02  -8.1000000e-02
   0.0000000e+00  -1.0000000e-02
   1.6300000e-01  -1.2800000e-01
   0.0000000e+00  -2.1700000e-01
   0.0000000e+00  -3.9800000e-01
   1.7100000e-01  -4.8800000e-01
   2.8000000e-02  -3.2300000e-01
   1.2600000e-01  -2.2600000e-01
   1.6800000e-01  -1.7400000e-01
   1.7500000e-01  -3.3000000e-01
   1.7500000e-01  -1.7900000e-01
   1.8200000e-01  -1.2400000e-01
   2.0600000e-01  -1.1500000e-01
   1.4700000e-01  -9.4000000e-02
   9.5000000e-02   6.3000000e-02
   7.7000000e-02   1.4200000e-01
   1.6500000e-01   3.0000000e-01
   5.3000000e-02   4.8900000e-01
   2.9000000e-02   4.2000000e-01
   2.0000000e-03   3.2300000e-01
   0.0000000e+00   2.5300000e-01
   1.4400000e-01   2.5400000e-01
   6.7000000e-02   3.1600000e-01
   1.0300000e-01   6.1000000e-02
   2.3700000e-01  -3.2200000e-01
   2.4300000e-01  -4.2900000e-01
   2.3800000e-01  -4.0300000e-01
   1.0900000e-01   6.9700000e-01
