   3.2090000e+00   8.3000000e-02
   3.3040000e+00   1.4700000e-01
   3.2950000e+00   1.9900000e-01
   3.3060000e+00   2.1400000e-01
   3.2390000e+00   2.0600000e-01
   3.3150000e+00   2.0700000e-01
   3.3060000e+00   1.7100000e-01
   3.2460000e+00   1.2000000e-01
   3.2010000e+00   8.8000000e-02
   3.1590000e+00   6.1000000e-02
   3.1170000e+00   1.5000000e-02
   3.0750000e+00  -6.5000000e-02
   3.0310000e+00  -1.3600000e-01
   2.9830000e+00  -1.8700000e-01
   2.9310000e+00  -2.1400000e-01
   2.8890000e+00  -2.2700000e-01
   2.8620000e+00  -2.4000000e-01
   2.8470000e+00  -2.3700000e-01
   2.8410000e+00  -2.3900000e-01
   2.8410000e+00  -2.4100000e-01
   2.8450000e+00  -2.3200000e-01
   2.8480000e+00  -2.1100000e-01
   2.8540000e+00  -1.8200000e-01
   2.8600000e+00  -1.5300000e-01
   2.8710000e+00  -1.2100000e-01
   2.8820000e+00  -8.5000000e-02
   2.8800000e+00  -5.3000000e-02
   2.8750000e+00  -2.7000000e-02
   2.8520000e+00  -1.3000000e-02
   2.8300000e+00  -6.0000000e-03
   2.8080000e+00   0.0000000e+00
   2.8130000e+00   2.0000000e-03
   2.8160000e+00   1.0000000e-03
   2.8190000e+00   4.0000000e-03
   2.8190000e+00   3.0000000e-03
   2.8120000e+00   4.0000000e-03
   2.8190000e+00   4.0000000e-03
   2.8280000e+00   5.0000000e-03
   2.8410000e+00   9.0000000e-03
   2.8490000e+00   2.1000000e-02
   2.8480000e+00   3.5000000e-02
   2.8440000e+00   4.6000000e-02
   2.8280000e+00   5.1000000e-02
   2.8020000e+00   4.8000000e-02
   2.8220000e+00   4.3000000e-02
   2.8350000e+00   3.8000000e-02
   2.8370000e+00   3.8000000e-02
   2.8400000e+00   2.9000000e-02
   2.8340000e+00   3.4000000e-02
   2.8200000e+00   3.9000000e-02
   2.8010000e+00   8.4000000e-02
   2.7630000e+00   1.0200000e-01
   2.7080000e+00   5.6000000e-02
   2.5850000e+00   6.0000000e-02
   2.4260000e+00   6.4000000e-02
   2.3050000e+00   7.1000000e-02
   2.2030000e+00   1.1000000e-01
   2.1910000e+00   3.7000000e-02
   2.2340000e+00   1.1000000e-02
   2.2790000e+00   4.0000000e-03
   2.2890000e+00   1.4000000e-02
   2.2680000e+00   6.0000000e-03
   2.2050000e+00  -2.3000000e-02
   2.1460000e+00   9.0000000e-03
   2.0690000e+00  -2.4000000e-02
   2.0460000e+00  -4.7000000e-02
   2.0320000e+00  -4.8000000e-02
   1.9640000e+00  -4.6000000e-02
   1.9620000e+00  -3.7000000e-02
   1.8770000e+00   1.5000000e-02
   1.8410000e+00   1.2000000e-02
   1.8820000e+00   6.5000000e-02
   1.8380000e+00   6.3000000e-02
   1.7420000e+00   4.6000000e-02
   1.5520000e+00   3.5000000e-02
   1.3980000e+00   9.0000000e-03
   1.2840000e+00   1.8000000e-02
   1.1850000e+00   4.0000000e-03
   1.0970000e+00  -1.6000000e-02
   1.0040000e+00  -1.7000000e-02
   9.8300000e-01  -1.0000000e-02
   9.5100000e-01  -1.0000000e-03
   9.1900000e-01   3.0000000e-03
   8.5700000e-01   1.1000000e-02
   7.8700000e-01  -1.7000000e-02
   7.1400000e-01  -1.7000000e-02
   6.5400000e-01   2.0000000e-02
   5.9800000e-01   3.4000000e-02
   5.5100000e-01  -6.3000000e-02
   5.0900000e-01  -8.9000000e-02
   4.9100000e-01   6.4000000e-02
   4.7700000e-01   1.6600000e-01
   4.9800000e-01   2.1600000e-01
   4.4000000e-01   5.1000000e-02
   4.0800000e-01  -1.4100000e-01
   3.8700000e-01  -2.6300000e-01
   4.0300000e-01  -3.5500000e-01
   4.1200000e-01  -3.6400000e-01
   4.3300000e-01  -2.1300000e-01
   4.5500000e-01  -2.2200000e-01
   4.8400000e-01  -9.8000000e-02
   5.2800000e-01  -1.1000000e-02
   5.1100000e-01   4.9000000e-02
   6.9500000e-01   1.0300000e-01
   5.9800000e-01   2.0400000e-01
   4.9300000e-01   2.5300000e-01
   4.4100000e-01   2.1400000e-01
   4.1500000e-01   1.9800000e-01
   3.4500000e-01   2.3700000e-01
   3.2800000e-01   1.6600000e-01
   2.8800000e-01   1.4900000e-01
   2.9100000e-01   1.2600000e-01
   2.1000000e-01   3.0000000e-03
   1.6000000e-01   9.9000000e-02
   2.4600000e-01   3.0600000e-01
   1.6200000e-01   4.0800000e-01
   5.8000000e-02   2.6500000e-01
   8.3000000e-02   2.3500000e-01
   3.0000000e-03   2.8000000e-01
   1.1200000e-01   1.8200000e-01
   2.2400000e-01   3.3000000e-02
   1.7900000e-01   3.1400000e-01
   1.1200000e-01   5.5400000e-01
   2.1500000e-01   4.9300000e-01
   2.0900000e-01   1.3200000e-01
   2.1500000e-01  -1.9800000e-01
   9.7000000e-02  -5.3700000e-01
   1.3000000e-02  -3.7900000e-01
   7.0000000e-03  -6.2000000e-02
   2.3000000e-02  -1.3800000e-01
   1.0000000e-03  -8.7000000e-02
   4.0000000e-03  -1.9300000e-01
   5.0000000e-03  -2.8200000e-01
   2.5000000e-02  -1.4100000e-01
   3.5000000e-02  -2.2500000e-01
   1.1400000e-01  -2.1700000e-01
   3.7000000e-02  -1.8700000e-01
   1.6400000e-01   6.0000000e-02
   2.4100000e-01  -5.2000000e-02
   1.7400000e-01  -1.8000000e-01
   1.0500000e-01  -3.4700000e-01
   1.8000000e-02  -5.7200000e-01
   2.2000000e-02  -6.1800000e-01
   3.0000000e-03  -6.1800000e-01
   0.0000000e+00  -6.1800000e-01
   0.0000000e+00  -6.4400000e-01
   0.0000000e+00  -6.7700000e-01
   0.0000000e+00  -5.6200000e-01
   0.0000000e+00  -6.2000000e-01
   2.1670000e+00   7.5200000e-01
