   1.5900000e-01  -9.5000000e-02
   2.9800000e-01  -3.5000000e-02
   3.8600000e-01  -1.3100000e-01
   4.5400000e-01  -4.2000000e-02
   4.9100000e-01  -8.8000000e-02
   5.2800000e-01  -2.3800000e-01
   5.6100000e-01  -1.0000000e-01
   5.6900000e-01  -8.8000000e-02
   5.4700000e-01   6.6000000e-02
   5.0000000e-01   1.7000000e-01
   5.7700000e-01   2.5200000e-01
   6.5600000e-01   2.4400000e-01
   7.3900000e-01   2.7500000e-01
   7.9700000e-01   2.9100000e-01
   8.3100000e-01   3.5000000e-01
   8.7200000e-01   3.8300000e-01
   9.5000000e-01   3.0800000e-01
   1.0320000e+00   2.7400000e-01
   1.0890000e+00   2.4900000e-01
   1.1780000e+00   2.2400000e-01
   1.2560000e+00   1.9100000e-01
   1.3300000e+00   1.8100000e-01
   1.4110000e+00   1.8600000e-01
   1.4720000e+00   1.7800000e-01
   1.5310000e+00   1.8900000e-01
   1.6160000e+00   1.7800000e-01
   1.6670000e+00   1.6100000e-01
   1.7410000e+00   1.4100000e-01
   1.8290000e+00  -2.7000000e-02
   1.8880000e+00  -1.2900000e-01
   1.9500000e+00  -1.5500000e-01
   2.0130000e+00  -4.1000000e-02
   2.0590000e+00   3.7000000e-02
   2.1130000e+00   7.2000000e-02
   2.1590000e+00   7.7000000e-02
   2.2080000e+00   3.7000000e-02
   2.2630000e+00  -2.2000000e-02
   2.3140000e+00  -8.4000000e-02
   2.3600000e+00  -1.4500000e-01
   2.4040000e+00  -1.9300000e-01
   2.4440000e+00  -2.2700000e-01
   2.4780000e+00  -2.4800000e-01
   2.5100000e+00  -2.4300000e-01
   2.5050000e+00  -2.3200000e-01
   2.5680000e+00  -2.2200000e-01
   2.6040000e+00  -2.1400000e-01
   2.5450000e+00  -1.9500000e-01
   2.5310000e+00  -1.3500000e-01
   2.5690000e+00  -1.1100000e-01
   2.6380000e+00  -7.8000000e-02
   2.6550000e+00  -4.9000000e-02
   2.6960000e+00  -5.2000000e-02
   2.7100000e+00  -9.1000000e-02
   2.7170000e+00  -3.7000000e-02
   2.6820000e+00   1.5000000e-02
   2.5010000e+00   9.0000000e-03
   2.3540000e+00   1.1000000e-02
   2.2860000e+00   2.0000000e-02
   2.2890000e+00   1.5000000e-02
   2.3580000e+00   3.0000000e-03
   2.4410000e+00  -1.1000000e-02
   2.4980000e+00  -3.0000000e-03
   2.5560000e+00   1.4000000e-02
   2.5600000e+00   2.4000000e-02
   2.5770000e+00   3.5000000e-02
   2.6430000e+00  -6.0000000e-03
   2.6410000e+00   3.0000000e-02
   2.6670000e+00   3.6000000e-02
   2.6560000e+00   8.0000000e-03
   2.6780000e+00   2.0000000e-03
   2.6730000e+00   9.0000000e-03
   2.6480000e+00   2.6000000e-02
   2.5690000e+00   4.1000000e-02
   2.3220000e+00   2.0000000e-02
   2.1250000e+00   3.1000000e-02
   2.0070000e+00   4.9000000e-02
   1.9450000e+00   6.6000000e-02
   1.9430000e+00   8.5000000e-02
   1.9730000e+00   8.1000000e-02
   2.1220000e+00   8.3000000e-02
   2.1740000e+00   4.7000000e-02
   2.2140000e+00   1.7000000e-02
   2.2580000e+00   2.6000000e-02
   2.2930000e+00   3.7000000e-02
   2.3200000e+00   1.7000000e-02
   2.3450000e+00  -1.0000000e-03
   2.3740000e+00  -1.0000000e-02
   2.3870000e+00  -2.9000000e-02
   2.3510000e+00  -2.4000000e-02
   2.3910000e+00  -5.0000000e-03
   2.4210000e+00   9.0000000e-03
   2.4180000e+00   7.0000000e-03
   2.3370000e+00   3.0000000e-03
   2.3120000e+00   4.0000000e-03
   2.3260000e+00   3.0000000e-03
   2.3680000e+00   6.0000000e-03
   2.3920000e+00   2.1000000e-02
   2.3940000e+00   1.6000000e-02
   2.3700000e+00   1.5000000e-02
   2.2840000e+00   5.0000000e-03
   2.0520000e+00  -1.1000000e-02
   1.8570000e+00  -1.0000000e-02
   1.7310000e+00  -1.3000000e-02
   1.6640000e+00  -1.2000000e-02
   1.6570000e+00  -3.0000000e-03
   1.7320000e+00   1.5000000e-02
   1.7570000e+00   2.0000000e-03
   1.6980000e+00   1.0000000e-03
   1.4920000e+00   2.1000000e-02
   1.3490000e+00   9.0000000e-03
   1.2620000e+00   1.1000000e-02
   1.1660000e+00   8.0000000e-03
   1.1380000e+00   2.4000000e-02
   1.1590000e+00   1.3000000e-02
   1.1050000e+00   6.0000000e-03
   1.0870000e+00  -1.2000000e-02
   1.1520000e+00   8.0000000e-03
   1.0860000e+00  -8.0000000e-03
   1.1370000e+00   4.4000000e-02
   1.1360000e+00   8.8000000e-02
   1.0820000e+00   2.9000000e-02
   1.0000000e+00   2.9000000e-02
   9.4300000e-01   3.5000000e-02
   9.7600000e-01  -3.1000000e-02
   1.0170000e+00  -9.0000000e-02
   9.3900000e-01  -7.6000000e-02
   8.6000000e-01  -1.0200000e-01
   8.0300000e-01  -3.3000000e-02
   7.7100000e-01   4.0000000e-03
   7.2400000e-01  -2.8000000e-02
   6.4400000e-01  -2.0000000e-02
   5.4200000e-01  -5.8000000e-02
   5.0200000e-01  -1.7000000e-02
   4.8700000e-01   1.0000000e-02
   4.8000000e-01  -2.3000000e-02
   4.4500000e-01  -2.7000000e-02
   3.7000000e-01  -7.6000000e-02
   3.1000000e-01   6.6000000e-02
   2.6000000e-01   1.8700000e-01
   2.1100000e-01   2.6900000e-01
   2.0800000e-01   1.9300000e-01
   1.9600000e-01   1.3900000e-01
   1.8600000e-01   6.1000000e-02
   1.6800000e-01  -1.4000000e-02
   1.4500000e-01  -6.5000000e-02
   1.1600000e-01  -5.6000000e-02
   7.5000000e-02  -1.5500000e-01
   2.9000000e-02  -1.7400000e-01
   5.7000000e-02  -2.7800000e-01
   0.0000000e+00  -2.7400000e-01
