u 1.0 0.0 0.05
u 1.0 0.0 0.05
u 1.0 0.0 0.05
u 1.0 0.0 0.05
u 1.0 0.0 0.05
u 1.0 0.0 0.05
u 0.0 0.0 0.05
u 0.0 0.0 0.05
u 0.0 0.0 0.05
u 0.0 0.0 0.05
u 0.0 0.0 0.05
u 0.0 0.0 0.05
u 0.0 0.0 0.05
u 0.0 0.0 0.05
u 0.0 0.0 0.05
u 0.0 0.0 0.05
u 0.0 0.0 0.05
u 0.0 0.0 0.05
u 0.0 0.0 0.05
u 0.0 0.0 0.05
u 0.0 0.0 0.05
u 0.0 0.0 0.05
u 0.0 0.0 0.05
u 0.0 0.0 0.05
u 0.0 0.0 0.05
u 0.0 0.0 0.05
u 1.0 0.0 0.05
u 1.0 0.0 0.05
u 1.0 0.0 0.05
u 1.0 0.0 0.05
u 1.0 0.0 0.05
u 1.0 0.0 0.05
u 0.0 0.0 0.05
u 0.0 0.0 0.05
u 0.0 0.0 0.05
u 0.0 0.0 0.05
u 0.0 0.0 0.05
u 0.0 0.0 0.05
u 0.0 0.0 0.05
u 0.0 0.0 0.05
u 0.0 0.0 0.05
u 0.0 0.0 0.05
u 0.0 0.0 0.05
u 0.0 0.0 0.05
u 0.0 0.0 0.05
u 0.0 0.0 0.05
u 0.0 0.0 0.05
u 0.0 0.0 0.05
u 0.0 0.0 0.05
u 0.0 0.0 0.05
u 0.0 0.0 0.05
u 0.0 0.0 0.05
u 1.0 0.0 0.05
u 1.0 0.0 0.05
u 1.0 0.0 0.05
u 1.0 0.0 0.05
u 1.0 0.0 0.05
u 1.0 0.0 0.05
u 0.0 0.0 0.05
u 0.0 0.0 0.05
u 0.0 0.0 0.05
u 0.0 0.0 0.05
u 0.0 0.0 0.05
u 0.0 0.0 0.05
u 0.0 0.0 0.05
u 0.0 0.0 0.05
u 0.0 0.0 0.05
u 0.0 0.0 0.05
u 0.0 0.0 0.05
u 0.0 0.0 0.05
u 0.0 0.0 0.05
u 0.0 0.0 0.05
u 0.0 0.0 0.05
u 0.0 0.0 0.05
u 0.0 0.0 0.05
u 0.0 0.0 0.05
u 0.0 0.0 0.05
u 0.0 0.0 0.05
u 1.0 0.0 0.05
u 1.0 0.0 0.05
u 1.0 0.0 0.05
u 1.0 0.0 0.05
u 1.0 0.0 0.05
u 1.0 0.0 0.05
u 0.0 0.0 0.05
u 0.0 0.0 0.05
u 0.0 0.0 0.05
u 0.0 0.0 0.05
u 0.0 0.0 0.05
u 0.0 0.0 0.05
u 0.0 0.0 0.05
u 0.0 0.0 0.05
u 0.0 0.0 0.05
u 0.0 0.0 0.05
u 0.0 0.0 0.05
u 0.0 0.0 0.05
u 0.0 0.0 0.05
u 0.0 0.0 0.05
u 0.0 0.0 0.05
u 0.0 0.0 0.05
u 0.0 0.0 0.05
end