u 1 0 0
u 1 0 0.0501927
u 1 0 0.051109
u 1 0 0.0501252
u 1 0 0.0502186
u 1 0 0.0514891
u 0 0 0.0498692
u 0 0 0.0520811
u 0 0 0.0490071
u 0 0 0.0500182
u 0 0 0.0504219
u 0 0 0.0514144
u 0 0 0.0499528
u 0 0 0.050224
u 0 0 0.0501912
u 0 0 0.050165
u 0 0 0.0502032
u 0 0 0.0502319
u 0 0 0.0504148
u 0 0 0.0499109
u 0 0 0.0508205
u 0 0 0.0507442
u 0 0 0.0507783
u 0 0 0.0495321
u 0 0 0.0504829
u 0 0 0.0502385
u 1 0 0.0503888
u 1 0 0.0502307
u 1 0 0.0504368
u 1 0 0.0501854
u 1 0 0.0505856
u 1 0 0.0503866
u 0 0 0.0504857
u 0 0 0.0501133
u 0 0 0.0505838
u 0 0 0.0500931
u 0 0 0.0504516
u 0 0 0.0502307
u 0 0 0.0506799
u 0 0 0.050199
u 0 0 0.0504414
u 0 0 0.05017
u 0 0 0.0509356
u 0 0 0.0497224
u 0 0 0.0511772
u 0 0 0.0500246
u 0 0 0.050739
u 0 0 0.0505526
u 0 0 0.0507046
u 0 0 0.0500118
u 0 0 0.0502458
u 0 0 0.0501601
u 1 0 0.0504694
u 1 0 0.0499532
u 1 0 0.0502101
u 1 0 0.0502095
u 1 0 0.0502961
u 1 0 0.0504161
u 0 0 0.0500239
u 0 0 0.0502055
u 0 0 0.0503472
u 0 0 0.0503758
u 0 0 0.0503586
u 0 0 0.0508802
u 0 0 0.0504592
u 0 0 0.0502209
u 0 0 0.050509
u 0 0 0.0504004
u 0 0 0.0508983
u 0 0 0.0503512
u 0 0 0.0507507
u 0 0 0.0507838
u 0 0 0.0500459
u 0 0 0.0506842
u 0 0 0.0501435
u 0 0 0.0505912
u 0 0 0.0501177
u 0 0 0.0502919
u 1 0 0.0506649
u 1 0 0.0502181
u 1 0 0.0504464
u 1 0 0.0501455
u 1 0 0.0511307
u 1 0 0.051404
u 0 0 0.0498539
u 0 0 0.050617
u 0 0 0.0503021
u 0 0 0.0504797
u 0 0 0.0504292
u 0 0 0.0503509
u 0 0 0.0502635
u 0 0 0.0506841
u 0 0 0.0507026
u 0 0 0.0501377
u 0 0 0.0506253
u 0 0 0.0515492
u 0 0 0.0499799
u 0 0 0.0504281
u 0 0 0.0500569
u 0 0 0.050395
u 0 0 0.0507154
